Nx=  24 Ny= 6 t= 0.000 J= 0.000 N_up=132 N_down=  0 M1= 1200 M2= 6000
     1     1    0.94234804    0.94234804
     1     2    0.94239260    1.88474064
     1     3    0.94242311    2.82716376
     1     4    0.94241462    3.76957838
     1     5    0.94237344    4.71195181
     1     6    0.94233096    5.65428277
     2     1    0.90583200    6.56011477
     2     2    0.90594009    7.46605486
     2     3    0.90597723    8.37203209
     2     4    0.90591399    9.27794609
     2     5    0.90585082   10.18379691
     2     6    0.90577494   11.08957185
     3     1    0.90461204   11.99418389
     3     2    0.90464303   12.89882692
     3     3    0.90466156   13.80348848
     3     4    0.90466443   14.70815291
     3     5    0.90464980   15.61280272
     3     6    0.90464445   16.51744716
     4     1    0.92301788   17.44046504
     4     2    0.92300167   18.36346671
     4     3    0.92302835   19.28649507
     4     4    0.92310275   20.20959782
     4     5    0.92314408   21.13274190
     4     6    0.92311178   22.05585368
     5     1    0.92553993   22.98139361
     5     2    0.92563187   23.90702548
     5     3    0.92564600   24.83267148
     5     4    0.92559221   25.75826370
     5     5    0.92550591   26.68376961
     5     6    0.92546690   27.60923651
     6     1    0.90917497   28.51841148
     6     2    0.90929322   29.42770470
     6     3    0.90934601   30.33705071
     6     4    0.90927898   31.24632969
     6     5    0.90914081   32.15547050
     6     6    0.90906786   33.06453836
     7     1    0.90622245   33.97076081
     7     2    0.90628260   34.87704342
     7     3    0.90639814   35.78344156
     7     4    0.90643576   36.68987732
     7     5    0.90635673   37.59623405
     7     6    0.90625846   38.50249251
     8     1    0.91982285   39.42231536
     8     2    0.91986756   40.34218293
     8     3    0.91998640   41.26216933
     8     4    0.92006079   42.18223012
     8     5    0.92002254   43.10225266
     8     6    0.91990733   44.02215999
     9     1    0.92141550   44.94357549
     9     2    0.92152764   45.86510314
     9     3    0.92158208   46.78668522
     9     4    0.92154107   47.70822629
     9     5    0.92143978   48.62966607
     9     6    0.92136137   49.55102743
    10     1    0.90860950   50.45963694
    10     2    0.90872691   51.36836385
    10     3    0.90878791   52.27715176
    10     4    0.90873304   53.18588480
    10     5    0.90860433   54.09448913
    10     6    0.90852312   55.00301226
    11     1    0.90840008   55.91141234
    11     2    0.90844984   56.81986217
    11     3    0.90856442   57.72842659
    11     4    0.90860510   58.63703169
    11     5    0.90853901   59.54557070
    11     6    0.90844277   60.45401347
    12     1    0.92109603   61.37510950
    12     2    0.92116338   62.29627288
    12     3    0.92127945   63.21755233
    12     4    0.92132493   64.13887726
    12     5    0.92127018   65.06014745
    12     6    0.92115253   65.98129998
    13     1    0.92046310   66.90176308
    13     2    0.92057752   67.82234061
    13     3    0.92063847   68.74297908
    13     4    0.92059718   69.66357625
    13     5    0.92049374   70.58407000
    13     6    0.92041724   71.50448724
    14     1    0.90787242   72.41235965
    14     2    0.90800151   73.32036116
    14     3    0.90809466   74.22845582
    14     4    0.90807361   75.13652943
    14     5    0.90794189   76.04447132
    14     6    0.90784577   76.95231710
    15     1    0.90965130   77.86196840
    15     2    0.90970954   78.77167794
    15     3    0.90981662   79.68149457
    15     4    0.90985480   80.59134937
    15     5    0.90981053   81.50115990
    15     6    0.90972368   82.41088358
    16     1    0.92250895   83.33339252
    16     2    0.92254961   84.25594213
    16     3    0.92262813   85.17857027
    16     4    0.92266707   86.10123734
    16     5    0.92264612   87.02388345
    16     6    0.92256713   87.94645058
    17     1    0.91976139   88.86621197
    17     2    0.91988065   89.78609262
    17     3    0.91993723   90.70602985
    17     4    0.91989514   91.62592499
    17     5    0.91977376   92.54569875
    17     6    0.91969754   93.46539630
    18     1    0.90636668   94.37176298
    18     2    0.90648371   95.27824669
    18     3    0.90661506   96.18486175
    18     4    0.90662213   97.09148388
    18     5    0.90646957   97.99795345
    18     6    0.90634867   98.90430212
    19     1    0.91047303   99.81477515
    19     2    0.91050439  100.72527954
    19     3    0.91066309  101.63594263
    19     4    0.91072984  102.54667247
    19     5    0.91069887  103.45737134
    19     6    0.91061346  104.36798480
    20     1    0.92671521  105.29470000
    20     2    0.92669695  106.22139695
    20     3    0.92674743  107.14814438
    20     4    0.92680033  108.07494471
    20     5    0.92685439  109.00179910
    20     6    0.92680192  109.92860102
    21     1    0.92340798  110.85200900
    21     2    0.92345284  111.77546183
    21     3    0.92341255  112.69887439
    21     4    0.92334410  113.62221849
    21     5    0.92331262  114.54553111
    21     6    0.92331622  115.46884733
    22     1    0.90509133  116.37393866
    22     2    0.90511883  117.27905749
    22     3    0.90514778  118.18420527
    22     4    0.90519332  119.08939860
    22     5    0.90516102  119.99455962
    22     6    0.90507112  120.89963073
    23     1    0.90677558  121.80640632
    23     2    0.90683761  122.71324393
    23     3    0.90692511  123.62016904
    23     4    0.90695660  124.52712564
    23     5    0.90695688  125.43408252
    23     6    0.90686075  126.34094327
    24     1    0.94313626  127.28407953
    24     2    0.94314684  128.22722637
    24     3    0.94320571  129.17043208
    24     4    0.94322872  130.11366080
    24     5    0.94319319  131.05685399
    24     6    0.94314601  132.00000000
 
Nx=  24 Ny= 6 t= 0.000 J= 0.000 N_up=132 N_down=  0 M1= 3200 M2= 8000
     1     1    0.94313418    0.94313418
     1     2    0.94315900    1.88629318
     1     3    0.94317289    2.82946607
     1     4    0.94316549    3.77263155
     1     5    0.94314724    4.71577879
     1     6    0.94313178    5.65891057
     2     1    0.90696682    6.56587739
     2     2    0.90701692    7.47289431
     2     3    0.90702636    8.37992067
     2     4    0.90699989    9.28692056
     2     5    0.90696533   10.19388589
     2     6    0.90694690   11.10083278
     3     1    0.90521102   12.00604380
     3     2    0.90523629   12.91128009
     3     3    0.90523895   13.81651904
     3     4    0.90523845   14.72175749
     3     5    0.90522964   15.62698713
     3     6    0.90522353   16.53221066
     4     1    0.92289690   17.45510756
     4     2    0.92291201   18.37801956
     4     3    0.92292046   19.30094003
     4     4    0.92293759   20.22387762
     4     5    0.92294010   21.14681772
     4     6    0.92291932   22.06973704
     5     1    0.92590307   22.99564011
     5     2    0.92594745   23.92158756
     5     3    0.92595009   24.84753764
     5     4    0.92592095   25.77345859
     5     5    0.92588085   26.69933944
     5     6    0.92586553   27.62520498
     6     1    0.91041627   28.53562125
     6     2    0.91046703   29.44608828
     6     3    0.91048480   30.35657308
     6     4    0.91045067   31.26702376
     6     5    0.91039422   32.17741798
     6     6    0.91037068   33.08778865
     7     1    0.90665789   33.99444655
     7     2    0.90669252   34.90113907
     7     3    0.90674152   35.80788059
     7     4    0.90675561   36.71463620
     7     5    0.90672292   37.62135912
     7     6    0.90667190   38.52803103
     8     1    0.91903430   39.44706533
     8     2    0.91906901   40.36613435
     8     3    0.91911901   41.28525336
     8     4    0.91914075   42.20439411
     8     5    0.91911466   43.12350877
     8     6    0.91905749   44.04256626
     9     1    0.92118558   44.96375184
     9     2    0.92123923   45.88499108
     9     3    0.92126617   46.80625725
     9     4    0.92124628   47.72750353
     9     5    0.92119771   48.64870124
     9     6    0.92115751   49.56985875
    10     1    0.90950042   50.47935918
    10     2    0.90955479   51.38891397
    10     3    0.90958501   52.29849897
    10     4    0.90956214   53.20806111
    10     5    0.90950740   54.11756852
    10     6    0.90946734   55.02703586
    11     1    0.90852577   55.93556163
    11     2    0.90856144   56.84412308
    11     3    0.90861537   57.75273845
    11     4    0.90863370   58.66137215
    11     5    0.90860066   59.56997281
    11     6    0.90854249   60.47851530
    12     1    0.91997118   61.39848648
    12     2    0.92001755   62.31850402
    12     3    0.92006744   63.23857146
    12     4    0.92008649   64.15865795
    12     5    0.92005541   65.07871336
    12     6    0.91999263   65.99870599
    13     1    0.91995271   66.91865870
    13     2    0.92001493   67.83867363
    13     3    0.92004735   68.75872098
    13     4    0.92003055   69.67875153
    13     5    0.91998245   70.59873398
    13     6    0.91993553   71.51866951
    14     1    0.90850929   72.42717881
    14     2    0.90856788   73.33574668
    14     3    0.90860186   74.24434854
    14     4    0.90858457   75.15293311
    14     5    0.90853133   76.06146444
    14     6    0.90849684   76.96996128
    15     1    0.90952489   77.87948617
    15     2    0.90956529   78.78905145
    15     3    0.90962082   79.69867227
    15     4    0.90964473   80.60831700
    15     5    0.90961509   81.51793209
    15     6    0.90956153   82.42749362
    16     1    0.92121700   83.34871063
    16     2    0.92125744   84.26996807
    16     3    0.92130704   85.19127511
    16     4    0.92132801   86.11260312
    16     5    0.92130161   87.03390473
    16     6    0.92124859   87.95515333
    17     1    0.91904863   88.87420196
    17     2    0.91910620   89.79330816
    17     3    0.91913325   90.71244141
    17     4    0.91911244   91.63155384
    17     5    0.91906310   92.55061694
    17     6    0.91902850   93.46964544
    18     1    0.90668576   94.37633120
    18     2    0.90673692   95.28306812
    18     3    0.90677057   96.18983869
    18     4    0.90675721   97.09659591
    18     5    0.90670852   98.00330442
    18     6    0.90667381   98.90997823
    19     1    0.91046367   99.82044190
    19     2    0.91048697  100.73092887
    19     3    0.91054388  101.64147275
    19     4    0.91057838  102.55205113
    19     5    0.91056124  103.46261238
    19     6    0.91051122  104.37312359
    20     1    0.92594634  105.29906994
    20     2    0.92596146  106.22503140
    20     3    0.92600174  107.15103315
    20     4    0.92603104  108.07706418
    20     5    0.92602945  109.00309363
    20     6    0.92598566  109.92907929
    21     1    0.92294242  110.85202172
    21     2    0.92296295  111.77498467
    21     3    0.92296064  112.69794531
    21     4    0.92294445  113.62088975
    21     5    0.92293677  114.54382652
    21     6    0.92292160  115.46674812
    22     1    0.90526095  116.37200907
    22     2    0.90526638  117.27727545
    22     3    0.90527658  118.18255202
    22     4    0.90527777  119.08782980
    22     5    0.90527532  119.99310512
    22     6    0.90524988  120.89835501
    23     1    0.90702197  121.80537698
    23     2    0.90704084  122.71241781
    23     3    0.90707912  123.61949693
    23     4    0.90709772  124.52659465
    23     5    0.90709201  125.43368666
    23     6    0.90704473  126.34073138
    24     1    0.94319448  127.28392587
    24     2    0.94320607  128.22713193
    24     3    0.94322593  129.17035787
    24     4    0.94323099  130.11358886
    24     5    0.94321796  131.05680682
    24     6    0.94319318  132.00000000
 
Nx=  24 Ny= 6 t= 0.000 J= 0.000 N_up=132 N_down=  0 M1= 3200 M2= ****
     1     1    0.94324311    0.94324311
     1     2    0.94325889    1.88650200
     1     3    0.94326738    2.82976937
     1     4    0.94326400    3.77303337
     1     5    0.94325139    4.71628476
     1     6    0.94324282    5.65952758
     2     1    0.90718026    6.56670785
     2     2    0.90721444    7.47392228
     2     3    0.90721931    8.38114160
     2     4    0.90720370    9.28834530
     2     5    0.90717849   10.19552379
     2     6    0.90716907   11.10269286
     3     1    0.90537142   12.00806427
     3     2    0.90539043   12.91345470
     3     3    0.90539136   13.81884606
     3     4    0.90538959   14.72423565
     3     5    0.90538242   15.62961806
     3     6    0.90537893   16.53499700
     4     1    0.92272751   17.45772451
     4     2    0.92274138   18.38046588
     4     3    0.92274649   19.30321237
     4     4    0.92275578   20.22596815
     4     5    0.92275543   21.14872358
     4     6    0.92274072   22.07146431
     5     1    0.92573863   22.99720293
     5     2    0.92577023   23.92297316
     5     3    0.92577007   24.84874323
     5     4    0.92574906   25.77449229
     5     5    0.92572226   26.70021455
     5     6    0.92571219   27.62592674
     6     1    0.91072009   28.53664683
     6     2    0.91075470   29.44740152
     6     3    0.91076425   30.35816578
     6     4    0.91074032   31.26890610
     6     5    0.91070419   32.17961029
     6     6    0.91068809   33.09029838
     7     1    0.90693586   33.99723423
     7     2    0.90696055   34.90419478
     7     3    0.90699051   35.81118529
     7     4    0.90699901   36.71818430
     7     5    0.90697751   37.62516181
     7     6    0.90694171   38.53210352
     8     1    0.91871655   39.45082007
     8     2    0.91874171   40.36956178
     8     3    0.91877393   41.28833571
     8     4    0.91878704   42.20712275
     8     5    0.91876866   43.12589141
     8     6    0.91872814   44.04461955
     9     1    0.92086322   44.96548277
     9     2    0.92090011   45.88638288
     9     3    0.92091812   46.80730100
     9     4    0.92090432   47.72820532
     9     5    0.92087111   48.64907642
     9     6    0.92084227   49.56991870
    10     1    0.90982354   50.47974224
    10     2    0.90986126   51.38960350
    10     3    0.90988074   52.29948424
    10     4    0.90986559   53.20934983
    10     5    0.90983048   54.11918031
    10     6    0.90980007   55.02898038
    11     1    0.90883406   55.93781444
    11     2    0.90885999   56.84667443
    11     3    0.90889461   57.75556904
    11     4    0.90890560   58.66447464
    11     5    0.90888744   59.57336207
    11     6    0.90884345   60.48220552
    12     1    0.91960382   61.40180934
    12     2    0.91963736   62.32144670
    12     3    0.91966996   63.24111666
    12     4    0.91968141   64.16079807
    12     5    0.91966045   65.08045852
    12     6    0.91961669   66.00007521
    13     1    0.91961785   66.91969306
    13     2    0.91966205   67.83935510
    13     3    0.91968454   68.75903964
    13     4    0.91967411   69.67871375
    13     5    0.91963459   70.59834834
    13     6    0.91960658   71.51795492
    14     1    0.90883655   72.42679147
    14     2    0.90887825   73.33566972
    14     3    0.90890075   74.24457047
    14     4    0.90889004   75.15346052
    14     5    0.90885584   76.06231636
    14     6    0.90883005   76.97114641
    15     1    0.90979112   77.88093752
    15     2    0.90982142   78.79075894
    15     3    0.90985684   79.70061578
    15     4    0.90987224   80.61048801
    15     5    0.90985283   81.52034084
    15     6    0.90981513   82.43015597
    16     1    0.92083529   83.35099126
    16     2    0.92086431   84.27185557
    16     3    0.92089777   85.19275335
    16     4    0.92091158   86.11366493
    16     5    0.92089336   87.03455828
    16     6    0.92085636   87.95541464
    17     1    0.91872497   88.87413962
    17     2    0.91876558   89.79290520
    17     3    0.91878405   90.71168925
    17     4    0.91877097   91.63046022
    17     5    0.91873869   92.54919890
    17     6    0.91871356   93.46791246
    18     1    0.90693922   94.37485168
    18     2    0.90697504   95.28182673
    18     3    0.90699661   96.18882333
    18     4    0.90698814   97.09581147
    18     5    0.90695819   98.00276966
    18     6    0.90693357   98.90970323
    19     1    0.91068616   99.82038939
    19     2    0.91070227  100.73109166
    19     3    0.91073839  101.64183005
    19     4    0.91076236  102.55259241
    19     5    0.91075277  103.46334518
    19     6    0.91071821  104.37406338
    20     1    0.92571136  105.29977474
    20     2    0.92572145  106.22549619
    20     3    0.92574833  107.15124453
    20     4    0.92576939  108.07701392
    20     5    0.92576951  109.00278343
    20     6    0.92573796  109.92852138
    21     1    0.92274044  110.85126182
    21     2    0.92275513  111.77401695
    21     3    0.92275553  112.69677248
    21     4    0.92274628  113.61951875
    21     5    0.92274118  114.54225993
    21     6    0.92272731  115.46498725
    22     1    0.90537921  116.37036645
    22     2    0.90538262  117.27574907
    22     3    0.90538991  118.18113898
    22     4    0.90539169  119.08653067
    22     5    0.90539077  119.99192145
    22     6    0.90537179  120.89729323
    23     1    0.90717023  121.80446346
    23     2    0.90717962  122.71164308
    23     3    0.90720526  123.61884833
    23     4    0.90722013  124.52606846
    23     5    0.90721562  125.43328408
    23     6    0.90718165  126.34046573
    24     1    0.94324421  127.28370994
    24     2    0.94325235  128.22696229
    24     3    0.94326522  129.17022752
    24     4    0.94326840  130.11349592
    24     5    0.94325997  131.05675588
    24     6    0.94324412  132.00000000
 
 Nx=          24 Ny=           6 t=  0.000000000000000E+000 J=
  0.000000000000000E+000 N_up=         132 N_down=           0 M1=        3600 
 M2=       12000
     1     1    0.94329609    0.94329609
     1     2    0.94330663    1.88660272
     1     3    0.94331233    2.82991504
     1     4    0.94331016    3.77322521
     1     5    0.94330129    4.71652650
     1     6    0.94329582    5.65982232
     2     1    0.90729674    6.56711906
     2     2    0.90732142    7.47444048
     2     3    0.90732410    8.38176459
     2     4    0.90731321    9.28907779
     2     5    0.90729557   10.19637336
     2     6    0.90728955   11.10366291
     3     1    0.90546267   12.00912558
     3     2    0.90547743   12.91460301
     3     3    0.90547804   13.82008104
     3     4    0.90547603   14.72555708
     3     5    0.90547016   15.63102723
     3     6    0.90546769   16.53649492
     4     1    0.92260027   17.45909519
     4     2    0.92261262   18.38170781
     4     3    0.92261582   19.30432363
     4     4    0.92262127   20.22694490
     4     5    0.92261966   21.14956456
     4     6    0.92260894   22.07217351
     5     1    0.92559421   22.99776771
     5     2    0.92561822   23.92338594
     5     3    0.92561716   24.84900310
     5     4    0.92560105   25.77460415
     5     5    0.92558163   26.70018578
     5     6    0.92557481   27.62576059
     6     1    0.91088456   28.53664514
     6     2    0.91091050   29.44755565
     6     3    0.91091560   30.35847125
     6     4    0.91089796   31.26936921
     6     5    0.91087284   32.18024205
     6     6    0.91086115   33.09110320
     7     1    0.90710898   33.99821218
     7     2    0.90712759   34.90533977
     7     3    0.90714853   35.81248831
     7     4    0.90715400   36.71964231
     7     5    0.90713896   37.62678126
     7     6    0.90711230   38.53389357
     8     1    0.91849576   39.45238933
     8     2    0.91851524   40.37090457
     8     3    0.91853801   41.28944259
     8     4    0.91854671   42.20798930
     8     5    0.91853315   43.12652245
     8     6    0.91850287   44.04502531
     9     1    0.92060939   44.96563470
     9     2    0.92063750   45.88627220
     9     3    0.92065034   46.80692254
     9     4    0.92064037   47.72756291
     9     5    0.92061704   48.64817995
     9     6    0.92059451   49.56877446
    10     1    0.91000233   50.47877679
    10     2    0.91003082   51.38880761
    10     3    0.91004475   52.29885237
    10     4    0.91003402   53.20888639
    10     5    0.91000875   54.11889514
    10     6    0.90998554   55.02888068
    11     1    0.90904045   55.93792112
    11     2    0.90906095   56.84698208
    11     3    0.90908536   57.75606744
    11     4    0.90909301   58.66516045
    11     5    0.90907671   59.57423716
    11     6    0.90904470   60.48328186
    12     1    0.91936627   61.40264813
    12     2    0.91938657   62.32203471
    12     3    0.91941128   63.24144599
    12     4    0.91942001   64.16086599
    12     5    0.91940470   65.08027070
    12     6    0.91937206   65.99964275
    13     1    0.91937124   66.91901399
    13     2    0.91939974   67.83841373
    13     3    0.91941549   68.75782922
    13     4    0.91940674   69.67723595
    13     5    0.91938244   70.59661839
    13     6    0.91935725   71.51597564
    14     1    0.90904852   72.42502416
    14     2    0.90907622   73.33410038
    14     3    0.90909270   74.24319309
    14     4    0.90908469   75.15227777
    14     5    0.90906047   76.06133825
    14     6    0.90903478   76.97037302
    15     1    0.91000523   77.88037825
    15     2    0.91002349   78.79040175
    15     3    0.91004900   79.70045075
    15     4    0.91005943   80.61051018
    15     5    0.91004573   81.52055590
    15     6    0.91001271   82.43056861
    16     1    0.92061549   83.35118410
    16     2    0.92063337   84.27181748
    16     3    0.92065708   85.19247456
    16     4    0.92066701   86.11314157
    16     5    0.92065466   87.03379623
    16     6    0.92062226   87.95441849
    17     1    0.91851571   88.87293420
    17     2    0.91854237   89.79147657
    17     3    0.91855631   90.71003288
    17     4    0.91854755   91.62858043
    17     5    0.91852520   92.54710562
    17     6    0.91850064   93.46560626
    18     1    0.90712923   94.37273549
    18     2    0.90715335   95.27988885
    18     3    0.90716826   96.18705711
    18     4    0.90716518   97.09422229
    18     5    0.90714370   98.00136599
    18     6    0.90711898   98.90848497
    19     1    0.91088462   99.81936958
    19     2    0.91089670  100.73026628
    19     3    0.91092064  101.64118692
    19     4    0.91093808  102.55212501
    19     5    0.91093436  103.46305937
    19     6    0.91090324  104.37396261
    20     1    0.92559362  105.29955623
    20     2    0.92560112  106.22515735
    20     3    0.92562051  107.15077786
    20     4    0.92563356  108.07641143
    20     5    0.92563562  109.00204704
    20     6    0.92561159  109.92765863
    21     1    0.92261543  110.85027406
    21     2    0.92262601  111.77290007
    21     3    0.92262771  112.69552778
    21     4    0.92262239  113.61815017
    21     5    0.92261937  114.54076954
    21     6    0.92260700  115.46337654
    22     1    0.90547391  116.36885044
    22     2    0.90547633  117.27432677
    22     3    0.90548224  118.17980901
    22     4    0.90548429  119.08529330
    22     5    0.90548373  119.99077703
    22     6    0.90546896  120.89624599
    23     1    0.90729845  121.80354443
    23     2    0.90730442  122.71084885
    23     3    0.90732209  123.61817095
    23     4    0.90733293  124.52550388
    23     5    0.90733033  125.43283421
    23     6    0.90730567  126.34013988
    24     1    0.94330217  127.28344206
    24     2    0.94330757  128.22674962
    24     3    0.94331645  129.17006607
    24     4    0.94331860  130.11338467
    24     5    0.94331293  131.05669760
    24     6    0.94330240  132.00000000
 
 Nx=          24 Ny=           6 t=  0.000000000000000E+000 J=
  0.000000000000000E+000 N_up=         132 N_down=           0 M1=        3600 
 M2=       14000
     1     1    0.94333871    0.94333871
     1     2    0.94334629    1.88668500
     1     3    0.94335022    2.83003522
     1     4    0.94334861    3.77338383
     1     5    0.94334222    4.71672605
     1     6    0.94333828    5.66006433
     2     1    0.90738631    6.56745064
     2     2    0.90740480    7.47485544
     2     3    0.90740634    8.38226178
     2     4    0.90739811    9.28965989
     2     5    0.90738534   10.19704522
     2     6    0.90738123   11.10442645
     3     1    0.90553160   12.00995806
     3     2    0.90554330   12.91550136
     3     3    0.90554383   13.82104519
     3     4    0.90554227   14.72658746
     3     5    0.90553752   15.63212498
     3     6    0.90553568   16.53766065
     4     1    0.92251136   17.46017201
     4     2    0.92252162   18.38269363
     4     3    0.92252418   19.30521782
     4     4    0.92252799   20.22774580
     4     5    0.92252624   21.15027204
     4     6    0.92251798   22.07279002
     5     1    0.92550190   22.99829192
     5     2    0.92552015   23.92381207
     5     3    0.92551876   24.84933083
     5     4    0.92550651   25.77483734
     5     5    0.92549236   26.70032970
     5     6    0.92548792   27.62581762
     6     1    0.91102374   28.53684137
     6     2    0.91104412   29.44788548
     6     3    0.91104646   30.35893194
     6     4    0.91103369   31.26996563
     6     5    0.91101575   32.18098138
     6     6    0.91100695   33.09198833
     7     1    0.90724653   33.99923486
     7     2    0.90726532   34.90650018
     7     3    0.90727964   35.81377982
     7     4    0.90728318   36.72106300
     7     5    0.90727213   37.62833514
     7     6    0.90725135   38.53558649
     8     1    0.91834479   39.45393128
     8     2    0.91836458   40.37229586
     8     3    0.91838158   41.29067744
     8     4    0.91838747   42.20906490
     8     5    0.91837658   43.12744148
     8     6    0.91835448   44.04579596
     9     1    0.92044740   44.96624336
     9     2    0.92047245   45.88671581
     9     3    0.92048122   46.80719704
     9     4    0.92047326   47.72767030
     9     5    0.92045517   48.64812547
     9     6    0.92044169   49.56856716
    10     1    0.91015708   50.47872424
    10     2    0.91018241   51.38890665
    10     3    0.91019250   52.29909915
    10     4    0.91018460   53.20928375
    10     5    0.91016520   54.11944895
    10     6    0.91015108   55.02960003
    11     1    0.90919927   55.93879930
    11     2    0.90921943   56.84801873
    11     3    0.90923745   57.75725619
    11     4    0.90924253   58.66649872
    11     5    0.90923026   59.57572898
    11     6    0.90920921   60.48493819
    12     1    0.91919215   61.40413034
    12     2    0.91921194   62.32334228
    12     3    0.91922931   63.24257159
    12     4    0.91923557   64.16180716
    12     5    0.91922346   65.08103062
    12     6    0.91920215   66.00023276
    13     1    0.91920075   66.91943352
    13     2    0.91922558   67.83865909
    13     3    0.91923682   68.75789591
    13     4    0.91923023   69.67712614
    13     5    0.91921154   70.59633768
    13     6    0.91919597   71.51553365
    14     1    0.90920389   72.42473755
    14     2    0.90922848   73.33396602
    14     3    0.90924030   74.24320632
    14     4    0.90923460   75.15244092
    14     5    0.90921606   76.06165698
    14     6    0.90920002   76.97085701
    15     1    0.91013752   77.88099453
    15     2    0.91015536   78.79114989
    15     3    0.91017451   79.70132439
    15     4    0.91018205   80.61150644
    15     5    0.91017166   81.52167810
    15     6    0.91014967   82.43182777
    16     1    0.92042617   83.35225394
    16     2    0.92044362   84.27269756
    16     3    0.92046044   85.19315801
    16     4    0.92046788   86.11362589
    16     5    0.92045816   87.03408404
    16     6    0.92043704   87.95452108
    17     1    0.91834329   88.87286437
    17     2    0.91836648   89.79123086
    17     3    0.91837668   90.70960753
    17     4    0.91837016   91.62797769
    17     5    0.91835292   92.54633061
    17     6    0.91833781   93.46466842
    18     1    0.90724231   94.37191073
    18     2    0.90726266   95.27917340
    18     3    0.90727362   96.18644702
    18     4    0.90726956   97.09371658
    18     5    0.90725402   98.00097060
    18     6    0.90723949   98.90821009
    19     1    0.91099489   99.81920497
    19     2    0.91100338  100.73020836
    19     3    0.91102161  101.64122997
    19     4    0.91103492  102.55226489
    19     5    0.91103187  103.46329676
    19     6    0.91101194  104.37430869
    20     1    0.92547954  105.29978823
    20     2    0.92548406  106.22527230
    20     3    0.92549827  107.15077057
    20     4    0.92551056  108.07628113
    20     5    0.92551182  109.00179295
    20     6    0.92549333  109.92728628
    21     1    0.92251477  110.84980105
    21     2    0.92252303  111.77232408
    21     3    0.92252478  112.69484885
    21     4    0.92252103  113.61736988
    21     5    0.92251843  114.53988831
    21     6    0.92250814  115.46239645
    22     1    0.90553310  116.36792954
    22     2    0.90553491  117.27346445
    22     3    0.90553965  118.17900410
    22     4    0.90554124  119.08454534
    22     5    0.90554069  119.99008603
    22     6    0.90552898  120.89561501
    23     1    0.90737741  121.80299242
    23     2    0.90738149  122.71037391
    23     3    0.90739426  123.61776817
    23     4    0.90740245  124.52517062
    23     5    0.90740090  125.43257153
    23     6    0.90738243  126.33995396
    24     1    0.94333523  127.28328919
    24     2    0.94333918  128.22662836
    24     3    0.94334558  129.16997394
    24     4    0.94334717  130.11332112
    24     5    0.94334323  131.05666435
    24     6    0.94333565  132.00000000
 
 Nx=          36 Ny=           6 t=  0.000000000000000E+000 J=
  0.000000000000000E+000 N_up=         198 N_down=           0 M1=        3600 
 M2=       14000
     1     1    0.94401721    0.94401721
     1     2    0.94402459    1.88804180
     1     3    0.94402859    2.83207039
     1     4    0.94402698    3.77609737
     1     5    0.94402078    4.72011815
     1     6    0.94401680    5.66413496
     2     1    0.90826206    6.57239702
     2     2    0.90828016    7.48067718
     2     3    0.90828182    8.38895900
     2     4    0.90827373    9.29723273
     2     5    0.90826134   10.20549407
     2     6    0.90825705   11.11375112
     3     1    0.90600161   12.01975273
     3     2    0.90601319   12.92576591
     3     3    0.90601377   13.83177968
     3     4    0.90601206   14.73779174
     3     5    0.90600715   15.64379889
     3     6    0.90600562   16.54980451
     4     1    0.92281506   17.47261957
     4     2    0.92282513   18.39544470
     4     3    0.92282757   19.31827227
     4     4    0.92283167   20.24110394
     4     5    0.92283035   21.16393429
     4     6    0.92282218   22.08675647
     5     1    0.92655362   23.01331009
     5     2    0.92657163   23.93988172
     5     3    0.92657051   24.86645223
     5     4    0.92655944   25.79301168
     5     5    0.92654630   26.71955797
     5     6    0.92654116   27.64609913
     6     1    0.91238700   28.55848613
     6     2    0.91240699   29.47089312
     6     3    0.91240959   30.38330270
     6     4    0.91239638   31.29569908
     6     5    0.91237879   32.20807787
     6     6    0.91237022   33.12044809
     7     1    0.90769169   34.02813978
     7     2    0.90770661   34.93584639
     7     3    0.90772113   35.84356752
     7     4    0.90772429   36.75129181
     7     5    0.90771343   37.65900524
     7     6    0.90769345   38.56669869
     8     1    0.91842245   39.48512115
     8     2    0.91843763   40.40355877
     8     3    0.91845462   41.32201339
     8     4    0.91846150   42.24047489
     8     5    0.91845183   43.15892672
     8     6    0.91842843   44.07735515
     9     1    0.92166771   44.99902286
     9     2    0.92168859   45.92071145
     9     3    0.92169864   46.84241009
     9     4    0.92169284   47.76410294
     9     5    0.92167689   48.68577982
     9     6    0.92165900   49.60743882
    10     1    0.91183203   50.51927086
    10     2    0.91185434   51.43112519
    10     3    0.91186435   52.34298955
    10     4    0.91185653   53.25484608
    10     5    0.91183844   54.16668452
    10     6    0.91182017   55.07850469
    11     1    0.90947839   55.98798308
    11     2    0.90949570   56.89747879
    11     3    0.90951336   57.80699214
    11     4    0.90951754   58.71650968
    11     5    0.90950477   59.62601445
    11     6    0.90948027   60.53549472
    12     1    0.91887297   61.45436769
    12     2    0.91888962   62.37325731
    12     3    0.91890851   63.29216582
    12     4    0.91891502   64.21108084
    12     5    0.91890320   65.12998404
    12     6    0.91887768   66.04886172
    13     1    0.92056633   66.96942805
    13     2    0.92058769   67.89001574
    13     3    0.92060079   68.81061653
    13     4    0.92059650   69.73121303
    13     5    0.92057941   70.65179244
    13     6    0.92055872   71.57235116
    14     1    0.91139047   72.48374163
    14     2    0.91141288   73.39515451
    14     3    0.91142548   74.30657999
    14     4    0.91141986   75.21799986
    14     5    0.91140181   76.12940167
    14     6    0.91138081   77.04078247
    15     1    0.91025771   77.95104019
    15     2    0.91027541   78.86131559
    15     3    0.91029423   79.77160982
    15     4    0.91029903   80.68190885
    15     5    0.91028597   81.59219482
    15     6    0.91025996   82.50245478
    16     1    0.91930637   83.42176115
    16     2    0.91932345   84.34108459
    16     3    0.91934285   85.26042745
    16     4    0.91934870   86.17977615
    16     5    0.91933585   87.09911200
    16     6    0.91930975   88.01842176
    17     1    0.91990845   88.93833020
    17     2    0.91993022   89.85826042
    17     3    0.91994421   90.77820463
    17     4    0.91993979   91.69814442
    17     5    0.91992202   92.61806645
    17     6    0.91990049   93.53796694
    18     1    0.91090371   94.44887065
    18     2    0.91092616   95.35979681
    18     3    0.91093956   96.27073637
    18     4    0.91093488   97.18167125
    18     5    0.91091681   98.09258806
    18     6    0.91089480   99.00348286
    19     1    0.91080725   99.91429011
    19     2    0.91082447  100.82511458
    19     3    0.91084356  101.73595814
    19     4    0.91084880  102.64680695
    19     5    0.91083593  103.55764288
    19     6    0.91080922  104.46845209
    20     1    0.91980956  105.38826166
    20     2    0.91982655  106.30808821
    20     3    0.91984522  107.22793343
    20     4    0.91984995  108.14778338
    20     5    0.91983668  109.06762006
    20     6    0.91981071  109.98743077
    21     1    0.91938616  110.90681694
    21     2    0.91940776  111.82622470
    21     3    0.91942121  112.74564591
    21     4    0.91941581  113.66506172
    21     5    0.91939750  114.58445921
    21     6    0.91937607  115.50383529
    22     1    0.91032080  116.41415608
    22     2    0.91034246  117.32449855
    22     3    0.91035582  118.23485436
    22     4    0.91035145  119.14520581
    22     5    0.91033348  120.05553929
    22     6    0.91031130  120.96585059
    23     1    0.91126697  121.87711756
    23     2    0.91128318  122.78840074
    23     3    0.91130188  123.69970262
    23     4    0.91130773  124.61101035
    23     5    0.91129576  125.52230612
    23     6    0.91126935  126.43357547
    24     1    0.92046211  127.35403758
    24     2    0.92047856  128.27451614
    24     3    0.92049637  129.19501251
    24     4    0.92050106  130.11551358
    24     5    0.92048861  131.03600219
    24     6    0.92046308  131.95646528
    25     1    0.91894015  132.87540543
    25     2    0.91896359  133.79436902
    25     3    0.91897603  134.71334505
    25     4    0.91897110  135.63231614
    25     5    0.91895206  136.55126820
    25     6    0.91893020  137.47019840
    26     1    0.90950526  138.37970365
    26     2    0.90952991  139.28923356
    26     3    0.90954242  140.19877598
    26     4    0.90953904  141.10831503
    26     5    0.90952286  142.01783789
    26     6    0.90950070  142.92733860
    27     1    0.91168278  143.83902138
    27     2    0.91170177  144.75072315
    27     3    0.91171982  145.66244298
    27     4    0.91172675  146.57416973
    27     5    0.91171785  147.48588758
    27     6    0.91169479  148.39758237
    28     1    0.92154719  149.31912957
    28     2    0.92156542  150.24069499
    28     3    0.92158227  151.16227726
    28     4    0.92158913  152.08386639
    28     5    0.92157976  153.00544615
    28     6    0.92155703  153.92700318
    29     1    0.91844565  154.84544883
    29     2    0.91846930  155.76391812
    29     3    0.91847946  156.68239758
    29     4    0.91847304  157.60087062
    29     5    0.91845635  158.51932698
    29     6    0.91844027  159.43776725
    30     1    0.90765614  160.34542339
    30     2    0.90767637  161.25309976
    30     3    0.90768773  162.16078749
    30     4    0.90768507  163.06847256
    30     5    0.90767075  163.97614330
    30     6    0.90765504  164.88379835
    31     1    0.91219124  165.79598959
    31     2    0.91220009  166.70818968
    31     3    0.91221819  167.62040787
    31     4    0.91223195  168.53263982
    31     5    0.91222964  169.44486946
    31     6    0.91220888  170.35707834
    32     1    0.92639584  171.28347418
    32     2    0.92640102  172.20987520
    32     3    0.92641428  173.13628948
    32     4    0.92642562  174.06271509
    32     5    0.92642707  174.98914216
    32     6    0.92640857  175.91555073
    33     1    0.92278112  176.83833185
    33     2    0.92278924  177.76112109
    33     3    0.92279052  178.68391162
    33     4    0.92278644  179.60669806
    33     5    0.92278411  180.52948217
    33     6    0.92277412  181.45225629
    34     1    0.90592998  182.35818627
    34     2    0.90593159  183.26411787
    34     3    0.90593670  184.17005456
    34     4    0.90593858  185.07599314
    34     5    0.90593799  185.98193113
    34     6    0.90592620  186.88785734
    35     1    0.90810706  187.79596439
    35     2    0.90811143  188.70407582
    35     3    0.90812402  189.61219984
    35     4    0.90813226  190.52033210
    35     5    0.90813061  191.42846271
    35     6    0.90811227  192.33657498
    36     1    0.94389836  193.28047334
    36     2    0.94390237  194.22437572
    36     3    0.94390869  195.16828441
    36     4    0.94391036  196.11219476
    36     5    0.94390637  197.05610113
    36     6    0.94389887  198.00000000
 
 Nx=          48 Ny=           6 t=  0.000000000000000E+000 J=
  0.000000000000000E+000 N_up=         264 N_down=           0 M1=        3600 
 M2=       14000
     1     1    0.94427998    0.94427998
     1     2    0.94428719    1.88856716
     1     3    0.94429111    2.83285827
     1     4    0.94428960    3.77714787
     1     5    0.94428354    4.72143140
     1     6    0.94427966    5.66571106
     2     1    0.90860237    6.57431344
     2     2    0.90862053    7.48293397
     2     3    0.90862202    8.39155599
     2     4    0.90861403    9.30017002
     2     5    0.90860156   10.20877158
     2     6    0.90859746   11.11736903
     3     1    0.90618535   12.02355438
     3     2    0.90619693   12.92975132
     3     3    0.90619725   13.83594857
     3     4    0.90619549   14.74214406
     3     5    0.90619081   15.64833487
     3     6    0.90618919   16.55452406
     4     1    0.92293546   17.47745951
     4     2    0.92294551   18.40040502
     4     3    0.92294786   19.32335288
     4     4    0.92295199   20.24630487
     4     5    0.92295083   21.16925570
     4     6    0.92294261   22.09219831
     5     1    0.92696398   23.01916229
     5     2    0.92698217   23.94614446
     5     3    0.92698082   24.87312528
     5     4    0.92697000   25.80009528
     5     5    0.92695719   26.72705248
     5     6    0.92695190   27.65400438
     6     1    0.91291735   28.56692173
     6     2    0.91293747   29.47985920
     6     3    0.91293967   30.39279887
     6     4    0.91292639   31.30572525
     6     5    0.91290896   32.21863422
     6     6    0.91290045   33.13153467
     7     1    0.90787027   34.03940493
     7     2    0.90788543   34.94729036
     7     3    0.90789934   35.85518971
     7     4    0.90790209   36.76309180
     7     5    0.90789128   37.67098308
     7     6    0.90787164   38.57885472
     8     1    0.91847151   39.49732623
     8     2    0.91848691   40.41581314
     8     3    0.91850338   41.33431652
     8     4    0.91851025   42.25282678
     8     5    0.91850082   43.17132760
     8     6    0.91847755   44.08980514
     9     1    0.92215339   45.01195853
     9     2    0.92217439   45.93413292
     9     3    0.92218409   46.85631701
     9     4    0.92217851   47.77849552
     9     5    0.92216285   48.70065837
     9     6    0.92214496   49.62280333
    10     1    0.91246428   50.53526762
    10     2    0.91248683   51.44775445
    10     3    0.91249632   52.36025077
    10     4    0.91248811   53.27273888
    10     5    0.91247001   54.18520889
    10     6    0.91245196   55.09766084
    11     1    0.90958647   56.00724731
    11     2    0.90960417   56.91685149
    11     3    0.90962100   57.82647249
    11     4    0.90962457   58.73609706
    11     5    0.90961179   59.64570885
    11     6    0.90958760   60.55529644
    12     1    0.91882153   61.47411797
    12     2    0.91883859   62.39295656
    12     3    0.91885690   63.31181346
    12     4    0.91886342   64.23067688
    12     5    0.91885173   65.14952861
    12     6    0.91882627   66.06835488
    13     1    0.92113613   66.98949101
    13     2    0.92115787   67.91064888
    13     3    0.92117072   68.83181960
    13     4    0.92116655   69.75298615
    13     5    0.92114973   70.67413588
    13     6    0.92112893   71.59526481
    14     1    0.91214059   72.50740540
    14     2    0.91216342   73.41956883
    14     3    0.91217547   74.33174430
    14     4    0.91216921   75.24391352
    14     5    0.91215099   76.15606451
    14     6    0.91213029   77.06819480
    15     1    0.91029159   77.97848639
    15     2    0.91030981   78.88879620
    15     3    0.91032778   79.79912398
    15     4    0.91033178   80.70945577
    15     5    0.91031861   81.61977437
    15     6    0.91029318   82.53006755
    16     1    0.91914972   83.44921727
    16     2    0.91916735   84.36838462
    16     3    0.91918617   85.28757078
    16     4    0.91919222   86.20676301
    16     5    0.91917985   87.12594286
    16     6    0.91915374   88.04509660
    17     1    0.92059066   88.96568726
    17     2    0.92061273   89.88629999
    17     3    0.92062649   90.80692648
    17     4    0.92062254   91.72754902
    17     5    0.92060516   92.64815418
    17     6    0.92058340   93.56873758
    18     1    0.91181324   94.48055082
    18     2    0.91183629   95.39238711
    18     3    0.91184930   96.30423641
    18     4    0.91184396   97.21608036
    18     5    0.91182570   98.12790607
    18     6    0.91180385   99.03970991
    19     1    0.91076460   99.95047451
    19     2    0.91078303  100.86125755
    19     3    0.91080140  101.77205894
    19     4    0.91080574  102.68286468
    19     5    0.91079244  103.59365712
    19     6    0.91076630  104.50442342
    20     1    0.91950662  105.42393004
    20     2    0.91952454  106.34345459
    20     3    0.91954336  107.26299795
    20     4    0.91954883  108.18254678
    20     5    0.91953589  109.10208267
    20     6    0.91950973  110.02159239
    21     1    0.92019126  110.94178365
    21     2    0.92021355  111.86199720
    21     3    0.92022751  112.78222471
    21     4    0.92022327  113.70244798
    21     5    0.92020560  114.62265358
    21     6    0.92018353  115.54283711
    22     1    0.91147630  116.45431342
    22     2    0.91149930  117.36581271
    22     3    0.91151278  118.27732549
    22     4    0.91150796  119.18883346
    22     5    0.91148978  120.10032324
    22     6    0.91146737  121.01179060
    23     1    0.91115992  121.92295053
    23     2    0.91117834  122.83412887
    23     3    0.91119704  123.74532590
    23     4    0.91120159  124.65652749
    23     5    0.91118845  125.56771594
    23     6    0.91116201  126.47887796
    24     1    0.91987089  127.39874884
    24     2    0.91988911  128.31863795
    24     3    0.91990787  129.23854582
    24     4    0.91991283  130.15845864
    24     5    0.91989962  131.07835827
    24     6    0.91987351  131.99823178
    25     1    0.91983336  132.91806514
    25     2    0.91985586  133.83792100
    25     3    0.91986956  134.75779056
    25     4    0.91986457  135.67765513
    25     5    0.91984618  136.59750131
    25     6    0.91982382  137.51732513
    26     1    0.91112673  138.42845186
    26     2    0.91114928  139.33960114
    26     3    0.91116266  140.25076380
    26     4    0.91115786  141.16192166
    26     5    0.91113945  142.07306111
    26     6    0.91111664  142.98417775
    27     1    0.91152353  143.89570128
    27     2    0.91154135  144.80724263
    27     3    0.91155968  145.71880232
    27     4    0.91156435  146.63036666
    27     5    0.91155108  147.54191774
    27     6    0.91152435  148.45344208
    28     1    0.92023508  149.37367716
    28     2    0.92025288  150.29393004
    28     3    0.92027078  151.21420082
    28     4    0.92027492  152.13447574
    28     5    0.92026129  153.05473703
    28     6    0.92023535  153.97497238
    29     1    0.91947514  154.89444752
    29     2    0.91949749  155.81394501
    29     3    0.91951064  156.73345566
    29     4    0.91950505  157.65296071
    29     5    0.91948646  158.57244718
    29     6    0.91946448  159.49191166
    30     1    0.91074374  160.40265540
    30     2    0.91076589  161.31342129
    30     3    0.91077928  162.22420057
    30     4    0.91077478  163.13497536
    30     5    0.91075660  164.04573195
    30     6    0.91073383  164.95646579
    31     1    0.91186891  165.86833470
    31     2    0.91188618  166.78022088
    31     3    0.91190456  167.69212544
    31     4    0.91190969  168.60403513
    31     5    0.91189685  169.51593198
    31     6    0.91187015  170.42780213
    32     1    0.92063725  171.34843938
    32     2    0.92065481  172.26909420
    32     3    0.92067238  173.18976658
    32     4    0.92067621  174.11044279
    32     5    0.92066276  175.03110555
    32     6    0.92063715  175.95174270
    33     1    0.91912792  176.87087062
    33     2    0.91915026  177.79002089
    33     3    0.91916291  178.70918380
    33     4    0.91915677  179.62834057
    33     5    0.91913820  180.54747876
    33     6    0.91911653  181.46659529
    34     1    0.91028560  182.37688089
    34     2    0.91030716  183.28718805
    34     3    0.91032045  184.19750850
    34     4    0.91031620  185.10782469
    34     5    0.91029851  186.01812320
    34     6    0.91027601  186.92839921
    35     1    0.91220289  187.84060210
    35     2    0.91221901  188.75282111
    35     3    0.91223741  189.66505852
    35     4    0.91224352  190.57730204
    35     5    0.91223171  191.48953375
    35     6    0.91220523  192.40173897
    36     1    0.92118707  193.32292605
    36     2    0.92120384  194.24412988
    36     3    0.92122085  195.16535073
    36     4    0.92122495  196.08657568
    36     5    0.92121247  197.00778815
    36     6    0.92118717  197.92897532
    37     1    0.91881610  198.84779142
    37     2    0.91883801  199.76662943
    37     3    0.91884993  200.68547935
    37     4    0.91884324  201.60432259
    37     5    0.91882517  202.52314776
    37     6    0.91880414  203.44195190
    38     1    0.90959975  204.35155165
    38     2    0.90962005  205.26117170
    38     3    0.90963281  206.17080451
    38     4    0.90962895  207.08043346
    38     5    0.90961241  207.99004587
    38     6    0.90959064  208.89963651
    39     1    0.91253420  209.81217071
    39     2    0.91254758  210.72471830
    39     3    0.91256567  211.63728397
    39     4    0.91257376  212.54985773
    39     5    0.91256489  213.46242262
    39     6    0.91253896  214.37496158
    40     1    0.92221153  215.29717310
    40     2    0.92223038  216.21940348
    40     3    0.92224518  217.14164867
    40     4    0.92224977  218.06389843
    40     5    0.92223982  218.98613825
    40     6    0.92221469  219.90835294
    41     1    0.91848764  220.82684058
    41     2    0.91851209  221.74535267
    41     3    0.91852169  222.66387436
    41     4    0.91851547  223.58238983
    41     5    0.91850070  224.50089053
    41     6    0.91848075  225.41937128
    42     1    0.90790316  226.32727444
    42     2    0.90792170  227.23519614
    42     3    0.90793216  228.14312830
    42     4    0.90792923  229.05105752
    42     5    0.90791530  229.95897282
    42     6    0.90790112  230.86687394
    43     1    0.91297772  231.77985166
    43     2    0.91298611  232.69283777
    43     3    0.91300344  233.60584121
    43     4    0.91301668  234.51885789
    43     5    0.91301458  235.43187248
    43     6    0.91299457  236.34486705
    44     1    0.92701089  237.27187794
    44     2    0.92701613  238.19889407
    44     3    0.92702884  239.12592291
    44     4    0.92703966  240.05296257
    44     5    0.92704109  240.98000366
    44     6    0.92702294  241.90702660
    45     1    0.92296062  242.82998722
    45     2    0.92296883  243.75295605
    45     3    0.92296998  244.67592603
    45     4    0.92296586  245.59889189
    45     5    0.92296355  246.52185544
    45     6    0.92295346  247.44480890
    46     1    0.90621585  248.35102474
    46     2    0.90621744  249.25724219
    46     3    0.90622212  250.16346431
    46     4    0.90622389  251.06968820
    46     5    0.90622360  251.97591180
    46     6    0.90621201  252.88212382
    47     1    0.90864544  253.79076926
    47     2    0.90864950  254.69941876
    47     3    0.90866192  255.60808067
    47     4    0.90866987  256.51675055
    47     5    0.90866844  257.42541899
    47     6    0.90865031  258.33406930
    48     1    0.94431634  259.27838564
    48     2    0.94432016  260.22270580
    48     3    0.94432616  261.16703196
    48     4    0.94432765  262.11135960
    48     5    0.94432377  263.05568337
    48     6    0.94431663  264.00000000
 
