Nx=          36 Ny=           6  N_up=         198 N_down=           0 M1=        3600 
 M2=       14000
     1     1    0.94401721    0.94401721
     1     2    0.94402459    1.88804180
     1     3    0.94402859    2.83207039
     1     4    0.94402698    3.77609737
     1     5    0.94402078    4.72011815
     1     6    0.94401680    5.66413496
     2     1    0.90826206    6.57239702
     2     2    0.90828016    7.48067718
     2     3    0.90828182    8.38895900
     2     4    0.90827373    9.29723273
     2     5    0.90826134   10.20549407
     2     6    0.90825705   11.11375112
     3     1    0.90600161   12.01975273
     3     2    0.90601319   12.92576591
     3     3    0.90601377   13.83177968
     3     4    0.90601206   14.73779174
     3     5    0.90600715   15.64379889
     3     6    0.90600562   16.54980451
     4     1    0.92281506   17.47261957
     4     2    0.92282513   18.39544470
     4     3    0.92282757   19.31827227
     4     4    0.92283167   20.24110394
     4     5    0.92283035   21.16393429
     4     6    0.92282218   22.08675647
     5     1    0.92655362   23.01331009
     5     2    0.92657163   23.93988172
     5     3    0.92657051   24.86645223
     5     4    0.92655944   25.79301168
     5     5    0.92654630   26.71955797
     5     6    0.92654116   27.64609913
     6     1    0.91238700   28.55848613
     6     2    0.91240699   29.47089312
     6     3    0.91240959   30.38330270
     6     4    0.91239638   31.29569908
     6     5    0.91237879   32.20807787
     6     6    0.91237022   33.12044809
     7     1    0.90769169   34.02813978
     7     2    0.90770661   34.93584639
     7     3    0.90772113   35.84356752
     7     4    0.90772429   36.75129181
     7     5    0.90771343   37.65900524
     7     6    0.90769345   38.56669869
     8     1    0.91842245   39.48512115
     8     2    0.91843763   40.40355877
     8     3    0.91845462   41.32201339
     8     4    0.91846150   42.24047489
     8     5    0.91845183   43.15892672
     8     6    0.91842843   44.07735515
     9     1    0.92166771   44.99902286
     9     2    0.92168859   45.92071145
     9     3    0.92169864   46.84241009
     9     4    0.92169284   47.76410294
     9     5    0.92167689   48.68577982
     9     6    0.92165900   49.60743882
    10     1    0.91183203   50.51927086
    10     2    0.91185434   51.43112519
    10     3    0.91186435   52.34298955
    10     4    0.91185653   53.25484608
    10     5    0.91183844   54.16668452
    10     6    0.91182017   55.07850469
    11     1    0.90947839   55.98798308
    11     2    0.90949570   56.89747879
    11     3    0.90951336   57.80699214
    11     4    0.90951754   58.71650968
    11     5    0.90950477   59.62601445
    11     6    0.90948027   60.53549472
    12     1    0.91887297   61.45436769
    12     2    0.91888962   62.37325731
    12     3    0.91890851   63.29216582
    12     4    0.91891502   64.21108084
    12     5    0.91890320   65.12998404
    12     6    0.91887768   66.04886172
    13     1    0.92056633   66.96942805
    13     2    0.92058769   67.89001574
    13     3    0.92060079   68.81061653
    13     4    0.92059650   69.73121303
    13     5    0.92057941   70.65179244
    13     6    0.92055872   71.57235116
    14     1    0.91139047   72.48374163
    14     2    0.91141288   73.39515451
    14     3    0.91142548   74.30657999
    14     4    0.91141986   75.21799986
    14     5    0.91140181   76.12940167
    14     6    0.91138081   77.04078247
    15     1    0.91025771   77.95104019
    15     2    0.91027541   78.86131559
    15     3    0.91029423   79.77160982
    15     4    0.91029903   80.68190885
    15     5    0.91028597   81.59219482
    15     6    0.91025996   82.50245478
    16     1    0.91930637   83.42176115
    16     2    0.91932345   84.34108459
    16     3    0.91934285   85.26042745
    16     4    0.91934870   86.17977615
    16     5    0.91933585   87.09911200
    16     6    0.91930975   88.01842176
    17     1    0.91990845   88.93833020
    17     2    0.91993022   89.85826042
    17     3    0.91994421   90.77820463
    17     4    0.91993979   91.69814442
    17     5    0.91992202   92.61806645
    17     6    0.91990049   93.53796694
    18     1    0.91090371   94.44887065
    18     2    0.91092616   95.35979681
    18     3    0.91093956   96.27073637
    18     4    0.91093488   97.18167125
    18     5    0.91091681   98.09258806
    18     6    0.91089480   99.00348286
    19     1    0.91080725   99.91429011
    19     2    0.91082447  100.82511458
    19     3    0.91084356  101.73595814
    19     4    0.91084880  102.64680695
    19     5    0.91083593  103.55764288
    19     6    0.91080922  104.46845209
    20     1    0.91980956  105.38826166
    20     2    0.91982655  106.30808821
    20     3    0.91984522  107.22793343
    20     4    0.91984995  108.14778338
    20     5    0.91983668  109.06762006
    20     6    0.91981071  109.98743077
    21     1    0.91938616  110.90681694
    21     2    0.91940776  111.82622470
    21     3    0.91942121  112.74564591
    21     4    0.91941581  113.66506172
    21     5    0.91939750  114.58445921
    21     6    0.91937607  115.50383529
    22     1    0.91032080  116.41415608
    22     2    0.91034246  117.32449855
    22     3    0.91035582  118.23485436
    22     4    0.91035145  119.14520581
    22     5    0.91033348  120.05553929
    22     6    0.91031130  120.96585059
    23     1    0.91126697  121.87711756
    23     2    0.91128318  122.78840074
    23     3    0.91130188  123.69970262
    23     4    0.91130773  124.61101035
    23     5    0.91129576  125.52230612
    23     6    0.91126935  126.43357547
    24     1    0.92046211  127.35403758
    24     2    0.92047856  128.27451614
    24     3    0.92049637  129.19501251
    24     4    0.92050106  130.11551358
    24     5    0.92048861  131.03600219
    24     6    0.92046308  131.95646528
    25     1    0.91894015  132.87540543
    25     2    0.91896359  133.79436902
    25     3    0.91897603  134.71334505
    25     4    0.91897110  135.63231614
    25     5    0.91895206  136.55126820
    25     6    0.91893020  137.47019840
    26     1    0.90950526  138.37970365
    26     2    0.90952991  139.28923356
    26     3    0.90954242  140.19877598
    26     4    0.90953904  141.10831503
    26     5    0.90952286  142.01783789
    26     6    0.90950070  142.92733860
    27     1    0.91168278  143.83902138
    27     2    0.91170177  144.75072315
    27     3    0.91171982  145.66244298
    27     4    0.91172675  146.57416973
    27     5    0.91171785  147.48588758
    27     6    0.91169479  148.39758237
    28     1    0.92154719  149.31912957
    28     2    0.92156542  150.24069499
    28     3    0.92158227  151.16227726
    28     4    0.92158913  152.08386639
    28     5    0.92157976  153.00544615
    28     6    0.92155703  153.92700318
    29     1    0.91844565  154.84544883
    29     2    0.91846930  155.76391812
    29     3    0.91847946  156.68239758
    29     4    0.91847304  157.60087062
    29     5    0.91845635  158.51932698
    29     6    0.91844027  159.43776725
    30     1    0.90765614  160.34542339
    30     2    0.90767637  161.25309976
    30     3    0.90768773  162.16078749
    30     4    0.90768507  163.06847256
    30     5    0.90767075  163.97614330
    30     6    0.90765504  164.88379835
    31     1    0.91219124  165.79598959
    31     2    0.91220009  166.70818968
    31     3    0.91221819  167.62040787
    31     4    0.91223195  168.53263982
    31     5    0.91222964  169.44486946
    31     6    0.91220888  170.35707834
    32     1    0.92639584  171.28347418
    32     2    0.92640102  172.20987520
    32     3    0.92641428  173.13628948
    32     4    0.92642562  174.06271509
    32     5    0.92642707  174.98914216
    32     6    0.92640857  175.91555073
    33     1    0.92278112  176.83833185
    33     2    0.92278924  177.76112109
    33     3    0.92279052  178.68391162
    33     4    0.92278644  179.60669806
    33     5    0.92278411  180.52948217
    33     6    0.92277412  181.45225629
    34     1    0.90592998  182.35818627
    34     2    0.90593159  183.26411787
    34     3    0.90593670  184.17005456
    34     4    0.90593858  185.07599314
    34     5    0.90593799  185.98193113
    34     6    0.90592620  186.88785734
    35     1    0.90810706  187.79596439
    35     2    0.90811143  188.70407582
    35     3    0.90812402  189.61219984
    35     4    0.90813226  190.52033210
    35     5    0.90813061  191.42846271
    35     6    0.90811227  192.33657498
    36     1    0.94389836  193.28047334
    36     2    0.94390237  194.22437572
    36     3    0.94390869  195.16828441
    36     4    0.94391036  196.11219476
    36     5    0.94390637  197.05610113
    36     6    0.94389887  198.00000000
 
