    13    31     0     3      1.482422950000     -1.507174526795     -2.174710863590     -0.631212420000      0.826795706795     -0.484798900000
    13    32     1     3     -1.177867490000     -0.355951233205      1.338010533590      1.482422950000     -2.546496016795     -2.743594720000
    13    33     2     3      2.726927060000      0.326181663205     -0.875181933590     -1.177867490000     -2.727474330385      1.068686180000
    13    34     3     3      2.007927890000      0.739334226795      2.450453333590      2.726927060000      3.048512950385     -1.684791490000
    13    35     4     3      2.613734770000     -1.688198276795     -1.992939483590      2.007927890000      2.637234726795     -0.101219000000
    13    36     5     3     -0.631212420000     -1.465367103205      1.216660213590      2.613734770000     -0.805009906795     -2.435142070000
    13    37     0     4      1.911823330000     -2.671867080385     -1.593824790000     -2.467019690000     -1.507174526795      1.338010533590
    13    38     1     4      0.827562710000      3.025449790385      1.817220140000      1.911823330000     -0.355951233205     -0.875181933590
    13    39     2     4     -1.139893770000     -2.581294780385     -2.556219600000      0.827562710000      0.326181663205      2.450453333590
    13    40     3     4      2.577400360000     -2.101132416795      0.524599540000     -1.139893770000      0.739334226795     -1.992939483590
    13    41     4     4      0.030892710000     -1.930888710385     -2.106388070000      2.577400360000     -1.688198276795      1.216660213590
    13    42     5     4     -2.467019690000     -1.539063646795      1.179822070000      0.030892710000     -1.465367103205     -2.174710863590
    13    43     0     5      2.107845970000      1.963119730385     -1.252814723590      0.644395850000     -2.671867080385      1.817220140000
    13    44     1     5     -0.827838400000     -1.445410983205      0.933313873590      2.107845970000      3.025449790385     -2.556219600000
    13    45     2     5      2.424275560000     -0.767391796795     -1.688550463590     -0.827838400000     -2.581294780385      0.524599540000
    13    46     3     5     -0.549346830000     -0.226749653205      1.808084283590      2.424275560000     -2.101132416795     -2.106388070000
    13    47     4     5      2.609810270000      0.627962763205     -0.812749483590     -0.549346830000     -1.930888710385      1.179822070000
    13    48     5     5      0.644395850000      0.982654836795     -2.748219513590      2.609810270000     -1.539063646795     -1.593824790000
    13    49     0     6      0.063715360000     -1.975659780385     -2.128607990000      2.443318430000      1.963119730385      0.933313873590
    13    50     1     6     -2.368711610000     -1.437493386795      1.624102070000      0.063715360000     -1.445410983205     -1.688550463590
    13    51     2     6      0.847998180000     -1.136335673205     -1.260970970000     -2.368711610000     -0.767391796795      1.808084283590
    13    52     3     6      0.780600330000      2.887220580385      2.755258120000      0.847998180000     -0.226749653205     -0.812749483590
    13    53     4     6     -1.086778700000     -2.498103680385     -2.283231350000      0.780600330000      0.627962763205     -2.748219513590
    13    54     5     6      2.443318430000     -2.246316386795      0.519020960000     -1.086778700000      0.982654836795     -1.252814723590
    13    55     0     7      2.693868940000      0.740830893205     -1.170802073590     -0.427359590000     -1.975659780385      1.624102070000
    13    56     1     7      0.260372220000      1.369374676795     -3.137410293590      2.693868940000     -1.437493386795     -1.260970970000
    13    57     2     7      2.109551810000      1.420121943205     -1.806239823590      0.260372220000     -1.136335673205      2.755258120000
    13    58     3     7     -0.548258610000     -1.377095353205      1.000362513590      2.109551810000      2.887220580385     -2.283231350000
    13    59     4     7      2.536498110000      0.180680323205     -1.623379223590     -0.548258610000     -2.498103680385      0.519020960000
    13    60     5     7     -0.427359590000     -0.487358883205      1.741488853590      2.536498110000     -2.246316386795     -2.128607990000
    13    61     0     8     -0.215090380000     -1.797448640385     -1.657444010000     -3.083632820000      0.740830893205     -3.137410293590
    13    62     1     8     -2.540272490000     -0.830053086795      1.930512080000     -0.215090380000      1.369374676795     -1.806239823590
    13    63     2     8     -0.328069890000     -1.765452090385     -2.075934610000     -2.540272490000      1.420121943205      1.000362513590
    13    64     3     8      3.125136950000     -1.254500026795      1.772981120000     -0.328069890000     -1.377095353205     -1.623379223590
    13    65     4     8     -0.320454770000     -1.077288013205     -1.655406810000      3.125136950000      0.180680323205      1.741488853590
    13    66     5     8     -3.083632820000     -2.766457276795      1.199118730000     -0.320454770000     -0.487358883205     -1.170802073590
    13    67     0     9      2.987228610000      1.139618013205     -1.641553533590      0.453865300000     -1.797448640385      1.930512080000
    13    68     1     9     -0.003571640000     -2.356838740385     -1.460351463590      2.987228610000     -0.830053086795     -2.075934610000
    13    69     2     9      2.730069320000     -0.028015186795     -2.289742893590     -0.003571640000     -1.765452090385      1.772981120000
    13    70     3     9     -0.003241760000     -3.011497770385      3.072732873590      2.730069320000     -1.254500026795     -1.655406810000
    13    71     4     9      0.303666550000      0.186030393205     -2.423525393590     -0.003241760000     -1.077288013205      1.199118730000
    13    72     5     9      0.453865300000     -2.275652510385     -1.431910133590      0.303666550000     -2.766457276795     -1.657444010000
    13    73     0    10     -0.568208620000     -0.691242113205      2.765568410000      2.490541530000      1.139618013205     -1.460351463590
    13    74     1    10      2.597790580000     -0.050031646795      0.155048800000     -0.568208620000     -2.356838740385     -2.289742893590
    13    75     2    10      0.376372160000     -0.171296353205      3.074849500000      2.597790580000     -0.028015186795      3.072732873590
    13    76     3    10     -2.997098250000      0.479679853205     -0.051088620000      0.376372160000     -3.011497770385     -2.423525393590
    13    77     4    10     -0.132016890000      0.633661456795      2.915538410000     -2.997098250000      0.186030393205     -1.431910133590
    13    78     5    10      2.490541530000     -0.522664286795     -0.101916820000     -0.132016890000     -2.275652510385     -1.641553533590
    13    79     0    11      1.557574070000     -1.892317556795     -1.021055043590      0.066248500000     -0.691242113205      0.155048800000
    13    80     1    11     -1.389579180000     -0.978712583205     -0.827785093590      1.557574070000     -0.050031646795      3.074849500000
    13    81     2    11      0.291444540000     -1.314533186795      1.201173823590     -1.389579180000     -0.171296353205     -0.051088620000
    13    82     3    11      0.784528690000     -1.443560713205     -1.313521333590      0.291444540000      0.479679853205      2.915538410000
    13    83     4    11     -3.103634050000     -2.152180896795      2.845390993590      0.784528690000      0.633661456795     -0.101916820000
    13    84     5    11      0.066248500000     -1.548340073205     -1.325569853590     -3.103634050000     -0.522664286795      2.765568410000
    13    85     0    12      2.759792790000      0.304768226795      2.949319980000      0.109670440000     -1.892317556795     -0.827785093590
    13    86     1    12      0.968057890000     -0.154174536795     -0.242307280000      2.759792790000     -0.978712583205      1.201173823590
    13    87     2    12     -3.141194750000      0.146261016795      3.025455200000      0.968057890000     -1.314533186795     -1.313521333590
    13    88     3    12      0.463370610000      0.165422083205      0.155281650000     -3.141194750000     -1.443560713205      2.845390993590
    13    89     4    12      2.043524990000     -0.281510463205      3.114602640000      0.463370610000     -2.152180896795     -1.325569853590
    13    90     5    12      0.109670440000     -0.027565476795     -0.394538760000      2.043524990000     -1.548340073205     -1.021055043590
    13    91     0    13      3.131550030000     -3.047748596795     -1.524650923590      0.365595520000      0.304768226795     -0.242307280000
    13    92     1    13      0.316536740000      0.371461796795      0.839263643590      3.131550030000     -0.154174536795      3.025455200000
    13    93     2    13      2.255817130000     -2.522053956795     -0.658211583590      0.316536740000      0.146261016795      0.155281650000
    13    94     3    13     -0.355695030000     -0.069932683205      0.310974623590      2.255817130000      0.165422083205      3.114602640000
    13    95     4    13      1.858696850000      0.039960503205     -0.759073993590     -0.355695030000     -0.281510463205     -0.394538760000
    13    96     5    13      0.365595520000      1.237544166795      1.351646603590      1.858696850000     -0.027565476795      2.949319980000
    13    97     0    14      0.493531190000     -1.476582943205     -2.361680690000     -2.464529200000     -3.047748596795      0.839263643590
    13    98     1    14     -1.925932800000     -1.352707556795     -2.748220630000      0.493531190000      0.371461796795     -0.658211583590
    13    99     2    14     -2.062856260000     -0.705078263205     -2.559248340000     -1.925932800000     -2.522053956795      0.310974623590
    13   100     3    14     -0.969932630000     -0.403561216795      0.787920390000     -2.062856260000     -0.069932683205     -0.759073993590
    13   101     4    14     -0.527526790000     -1.297321883205     -1.932341680000     -0.969932630000      0.039960503205      1.351646603590
    13   102     5    14     -2.464529200000     -1.166836326795      2.538214870000     -0.527526790000      1.237544166795     -1.524650923590
    13   103     0    15      2.772762770000      1.027057553205     -1.696942983590      0.011979670000     -1.476582943205     -2.748220630000
    13   104     1    15     -0.056438190000      1.654207826795      1.945172863590      2.772762770000     -1.352707556795     -2.559248340000
    13   105     2    15      3.140406430000      1.319717173205     -1.472527713590     -0.056438190000     -0.705078263205      0.787920390000
    13   106     3    15      0.408363270000      1.588283976795      1.754347033590      3.140406430000     -0.403561216795     -1.932341680000
    13   107     4    15     -3.134689160000      1.412663103205     -1.331536483590      0.408363270000     -1.297321883205      2.538214870000
    13   108     5    15      0.011979670000      1.806711286795      1.953683283590     -3.134689160000     -1.166836326795     -2.361680690000
