Nx=  24 Ny= 6 t= 0.000 J= 0.000 N_up=132 N_down=  0 M1= 1200 M2= 6000
     1     1    0.94234804    0.94234804
     1     2    0.94239260    1.88474064
     1     3    0.94242311    2.82716376
     1     4    0.94241462    3.76957838
     1     5    0.94237344    4.71195181
     1     6    0.94233096    5.65428277
     2     1    0.90583200    6.56011477
     2     2    0.90594009    7.46605486
     2     3    0.90597723    8.37203209
     2     4    0.90591399    9.27794609
     2     5    0.90585082   10.18379691
     2     6    0.90577494   11.08957185
     3     1    0.90461204   11.99418389
     3     2    0.90464303   12.89882692
     3     3    0.90466156   13.80348848
     3     4    0.90466443   14.70815291
     3     5    0.90464980   15.61280272
     3     6    0.90464445   16.51744716
     4     1    0.92301788   17.44046504
     4     2    0.92300167   18.36346671
     4     3    0.92302835   19.28649507
     4     4    0.92310275   20.20959782
     4     5    0.92314408   21.13274190
     4     6    0.92311178   22.05585368
     5     1    0.92553993   22.98139361
     5     2    0.92563187   23.90702548
     5     3    0.92564600   24.83267148
     5     4    0.92559221   25.75826370
     5     5    0.92550591   26.68376961
     5     6    0.92546690   27.60923651
     6     1    0.90917497   28.51841148
     6     2    0.90929322   29.42770470
     6     3    0.90934601   30.33705071
     6     4    0.90927898   31.24632969
     6     5    0.90914081   32.15547050
     6     6    0.90906786   33.06453836
     7     1    0.90622245   33.97076081
     7     2    0.90628260   34.87704342
     7     3    0.90639814   35.78344156
     7     4    0.90643576   36.68987732
     7     5    0.90635673   37.59623405
     7     6    0.90625846   38.50249251
     8     1    0.91982285   39.42231536
     8     2    0.91986756   40.34218293
     8     3    0.91998640   41.26216933
     8     4    0.92006079   42.18223012
     8     5    0.92002254   43.10225266
     8     6    0.91990733   44.02215999
     9     1    0.92141550   44.94357549
     9     2    0.92152764   45.86510314
     9     3    0.92158208   46.78668522
     9     4    0.92154107   47.70822629
     9     5    0.92143978   48.62966607
     9     6    0.92136137   49.55102743
    10     1    0.90860950   50.45963694
    10     2    0.90872691   51.36836385
    10     3    0.90878791   52.27715176
    10     4    0.90873304   53.18588480
    10     5    0.90860433   54.09448913
    10     6    0.90852312   55.00301226
    11     1    0.90840008   55.91141234
    11     2    0.90844984   56.81986217
    11     3    0.90856442   57.72842659
    11     4    0.90860510   58.63703169
    11     5    0.90853901   59.54557070
    11     6    0.90844277   60.45401347
    12     1    0.92109603   61.37510950
    12     2    0.92116338   62.29627288
    12     3    0.92127945   63.21755233
    12     4    0.92132493   64.13887726
    12     5    0.92127018   65.06014745
    12     6    0.92115253   65.98129998
    13     1    0.92046310   66.90176308
    13     2    0.92057752   67.82234061
    13     3    0.92063847   68.74297908
    13     4    0.92059718   69.66357625
    13     5    0.92049374   70.58407000
    13     6    0.92041724   71.50448724
    14     1    0.90787242   72.41235965
    14     2    0.90800151   73.32036116
    14     3    0.90809466   74.22845582
    14     4    0.90807361   75.13652943
    14     5    0.90794189   76.04447132
    14     6    0.90784577   76.95231710
    15     1    0.90965130   77.86196840
    15     2    0.90970954   78.77167794
    15     3    0.90981662   79.68149457
    15     4    0.90985480   80.59134937
    15     5    0.90981053   81.50115990
    15     6    0.90972368   82.41088358
    16     1    0.92250895   83.33339252
    16     2    0.92254961   84.25594213
    16     3    0.92262813   85.17857027
    16     4    0.92266707   86.10123734
    16     5    0.92264612   87.02388345
    16     6    0.92256713   87.94645058
    17     1    0.91976139   88.86621197
    17     2    0.91988065   89.78609262
    17     3    0.91993723   90.70602985
    17     4    0.91989514   91.62592499
    17     5    0.91977376   92.54569875
    17     6    0.91969754   93.46539630
    18     1    0.90636668   94.37176298
    18     2    0.90648371   95.27824669
    18     3    0.90661506   96.18486175
    18     4    0.90662213   97.09148388
    18     5    0.90646957   97.99795345
    18     6    0.90634867   98.90430212
    19     1    0.91047303   99.81477515
    19     2    0.91050439  100.72527954
    19     3    0.91066309  101.63594263
    19     4    0.91072984  102.54667247
    19     5    0.91069887  103.45737134
    19     6    0.91061346  104.36798480
    20     1    0.92671521  105.29470000
    20     2    0.92669695  106.22139695
    20     3    0.92674743  107.14814438
    20     4    0.92680033  108.07494471
    20     5    0.92685439  109.00179910
    20     6    0.92680192  109.92860102
    21     1    0.92340798  110.85200900
    21     2    0.92345284  111.77546183
    21     3    0.92341255  112.69887439
    21     4    0.92334410  113.62221849
    21     5    0.92331262  114.54553111
    21     6    0.92331622  115.46884733
    22     1    0.90509133  116.37393866
    22     2    0.90511883  117.27905749
    22     3    0.90514778  118.18420527
    22     4    0.90519332  119.08939860
    22     5    0.90516102  119.99455962
    22     6    0.90507112  120.89963073
    23     1    0.90677558  121.80640632
    23     2    0.90683761  122.71324393
    23     3    0.90692511  123.62016904
    23     4    0.90695660  124.52712564
    23     5    0.90695688  125.43408252
    23     6    0.90686075  126.34094327
    24     1    0.94313626  127.28407953
    24     2    0.94314684  128.22722637
    24     3    0.94320571  129.17043208
    24     4    0.94322872  130.11366080
    24     5    0.94319319  131.05685399
    24     6    0.94314601  132.00000000
 
Nx=  24 Ny= 6 t= 0.000 J= 0.000 N_up=132 N_down=  0 M1= 3200 M2= 8000
     1     1    0.94313418    0.94313418
     1     2    0.94315900    1.88629318
     1     3    0.94317289    2.82946607
     1     4    0.94316549    3.77263155
     1     5    0.94314724    4.71577879
     1     6    0.94313178    5.65891057
     2     1    0.90696682    6.56587739
     2     2    0.90701692    7.47289431
     2     3    0.90702636    8.37992067
     2     4    0.90699989    9.28692056
     2     5    0.90696533   10.19388589
     2     6    0.90694690   11.10083278
     3     1    0.90521102   12.00604380
     3     2    0.90523629   12.91128009
     3     3    0.90523895   13.81651904
     3     4    0.90523845   14.72175749
     3     5    0.90522964   15.62698713
     3     6    0.90522353   16.53221066
     4     1    0.92289690   17.45510756
     4     2    0.92291201   18.37801956
     4     3    0.92292046   19.30094003
     4     4    0.92293759   20.22387762
     4     5    0.92294010   21.14681772
     4     6    0.92291932   22.06973704
     5     1    0.92590307   22.99564011
     5     2    0.92594745   23.92158756
     5     3    0.92595009   24.84753764
     5     4    0.92592095   25.77345859
     5     5    0.92588085   26.69933944
     5     6    0.92586553   27.62520498
     6     1    0.91041627   28.53562125
     6     2    0.91046703   29.44608828
     6     3    0.91048480   30.35657308
     6     4    0.91045067   31.26702376
     6     5    0.91039422   32.17741798
     6     6    0.91037068   33.08778865
     7     1    0.90665789   33.99444655
     7     2    0.90669252   34.90113907
     7     3    0.90674152   35.80788059
     7     4    0.90675561   36.71463620
     7     5    0.90672292   37.62135912
     7     6    0.90667190   38.52803103
     8     1    0.91903430   39.44706533
     8     2    0.91906901   40.36613435
     8     3    0.91911901   41.28525336
     8     4    0.91914075   42.20439411
     8     5    0.91911466   43.12350877
     8     6    0.91905749   44.04256626
     9     1    0.92118558   44.96375184
     9     2    0.92123923   45.88499108
     9     3    0.92126617   46.80625725
     9     4    0.92124628   47.72750353
     9     5    0.92119771   48.64870124
     9     6    0.92115751   49.56985875
    10     1    0.90950042   50.47935918
    10     2    0.90955479   51.38891397
    10     3    0.90958501   52.29849897
    10     4    0.90956214   53.20806111
    10     5    0.90950740   54.11756852
    10     6    0.90946734   55.02703586
    11     1    0.90852577   55.93556163
    11     2    0.90856144   56.84412308
    11     3    0.90861537   57.75273845
    11     4    0.90863370   58.66137215
    11     5    0.90860066   59.56997281
    11     6    0.90854249   60.47851530
    12     1    0.91997118   61.39848648
    12     2    0.92001755   62.31850402
    12     3    0.92006744   63.23857146
    12     4    0.92008649   64.15865795
    12     5    0.92005541   65.07871336
    12     6    0.91999263   65.99870599
    13     1    0.91995271   66.91865870
    13     2    0.92001493   67.83867363
    13     3    0.92004735   68.75872098
    13     4    0.92003055   69.67875153
    13     5    0.91998245   70.59873398
    13     6    0.91993553   71.51866951
    14     1    0.90850929   72.42717881
    14     2    0.90856788   73.33574668
    14     3    0.90860186   74.24434854
    14     4    0.90858457   75.15293311
    14     5    0.90853133   76.06146444
    14     6    0.90849684   76.96996128
    15     1    0.90952489   77.87948617
    15     2    0.90956529   78.78905145
    15     3    0.90962082   79.69867227
    15     4    0.90964473   80.60831700
    15     5    0.90961509   81.51793209
    15     6    0.90956153   82.42749362
    16     1    0.92121700   83.34871063
    16     2    0.92125744   84.26996807
    16     3    0.92130704   85.19127511
    16     4    0.92132801   86.11260312
    16     5    0.92130161   87.03390473
    16     6    0.92124859   87.95515333
    17     1    0.91904863   88.87420196
    17     2    0.91910620   89.79330816
    17     3    0.91913325   90.71244141
    17     4    0.91911244   91.63155384
    17     5    0.91906310   92.55061694
    17     6    0.91902850   93.46964544
    18     1    0.90668576   94.37633120
    18     2    0.90673692   95.28306812
    18     3    0.90677057   96.18983869
    18     4    0.90675721   97.09659591
    18     5    0.90670852   98.00330442
    18     6    0.90667381   98.90997823
    19     1    0.91046367   99.82044190
    19     2    0.91048697  100.73092887
    19     3    0.91054388  101.64147275
    19     4    0.91057838  102.55205113
    19     5    0.91056124  103.46261238
    19     6    0.91051122  104.37312359
    20     1    0.92594634  105.29906994
    20     2    0.92596146  106.22503140
    20     3    0.92600174  107.15103315
    20     4    0.92603104  108.07706418
    20     5    0.92602945  109.00309363
    20     6    0.92598566  109.92907929
    21     1    0.92294242  110.85202172
    21     2    0.92296295  111.77498467
    21     3    0.92296064  112.69794531
    21     4    0.92294445  113.62088975
    21     5    0.92293677  114.54382652
    21     6    0.92292160  115.46674812
    22     1    0.90526095  116.37200907
    22     2    0.90526638  117.27727545
    22     3    0.90527658  118.18255202
    22     4    0.90527777  119.08782980
    22     5    0.90527532  119.99310512
    22     6    0.90524988  120.89835501
    23     1    0.90702197  121.80537698
    23     2    0.90704084  122.71241781
    23     3    0.90707912  123.61949693
    23     4    0.90709772  124.52659465
    23     5    0.90709201  125.43368666
    23     6    0.90704473  126.34073138
    24     1    0.94319448  127.28392587
    24     2    0.94320607  128.22713193
    24     3    0.94322593  129.17035787
    24     4    0.94323099  130.11358886
    24     5    0.94321796  131.05680682
    24     6    0.94319318  132.00000000
 
 Nx=          36 Ny=           6 t=  0.000000000000000E+000 J=
  0.000000000000000E+000 N_up=         198 N_down=           0 M1=        3600 
 M2=        8000
     1     1    0.94379744    0.94379744
     1     2    0.94382383    1.88762127
     1     3    0.94383595    2.83145722
     1     4    0.94383089    3.77528811
     1     5    0.94381118    4.71909930
     1     6    0.94379716    5.66289646
     2     1    0.90782123    6.57071769
     2     2    0.90787029    7.47858798
     2     3    0.90787902    8.38646700
     2     4    0.90785662    9.29432362
     2     5    0.90781994   10.20214356
     2     6    0.90780491   11.10994847
     3     1    0.90565871   12.01560718
     3     2    0.90568418   12.92129136
     3     3    0.90568690   13.82697825
     3     4    0.90568633   14.73266459
     3     5    0.90567747   15.63834206
     3     6    0.90567201   16.54401406
     4     1    0.92318319   17.46719725
     4     2    0.92319826   18.39039551
     4     3    0.92320748   19.31360300
     4     4    0.92322526   20.23682825
     4     5    0.92322874   21.16005700
     4     6    0.92320907   22.08326606
     5     1    0.92696861   23.01023468
     5     2    0.92701079   23.93724547
     5     3    0.92701483   24.86426030
     5     4    0.92699004   25.79125034
     5     5    0.92695361   26.71820395
     5     6    0.92693927   27.64514322
     6     1    0.91177931   28.55692253
     6     2    0.91182986   29.46875239
     6     3    0.91184666   30.38059905
     6     4    0.91181399   31.29241304
     6     5    0.91176026   32.20417330
     6     6    0.91173894   33.11591225
     7     1    0.90703392   34.02294616
     7     2    0.90706992   34.93001608
     7     3    0.90711665   35.83713274
     7     4    0.90712899   36.74426172
     7     5    0.90709615   37.65135787
     7     6    0.90704871   38.55840658
     8     1    0.91908144   39.47748802
     8     2    0.91911541   40.39660343
     8     3    0.91916595   41.31576938
     8     4    0.91918902   42.23495840
     8     5    0.91916382   43.15412222
     8     6    0.91910834   44.07323056
     9     1    0.92248839   44.99571895
     9     2    0.92253936   45.91825832
     9     3    0.92256825   46.84082656
     9     4    0.92255280   47.76337936
     9     5    0.92250760   48.68588696
     9     6    0.92246883   49.60835580
    10     1    0.91116387   50.51951967
    10     2    0.91121842   51.43073809
    10     3    0.91124756   52.34198565
    10     4    0.91122513   53.25321078
    10     5    0.91117201   54.16438279
    10     6    0.91113458   55.07551737
    11     1    0.90862701   55.98414438
    11     2    0.90866607   56.89281045
    11     3    0.90871728   57.80152773
    11     4    0.90873171   58.71025943
    11     5    0.90869621   59.61895564
    11     6    0.90864123   60.52759687
    12     1    0.91963761   61.44723449
    12     2    0.91967370   62.36690819
    12     3    0.91972801   63.28663620
    12     4    0.91974967   64.20638587
    12     5    0.91971915   65.12610502
    12     6    0.91966004   66.04576506
    13     1    0.92151029   66.96727535
    13     2    0.92156294   67.88883829
    13     3    0.92159776   68.81043605
    13     4    0.92158376   69.73201981
    13     5    0.92153535   70.65355516
    13     6    0.92149227   71.57504743
    14     1    0.91063416   72.48568160
    14     2    0.91068918   73.39637077
    14     3    0.91072222   74.30709299
    14     4    0.91070312   75.21779612
    14     5    0.91065050   76.12844662
    14     6    0.91060931   77.03905592
    15     1    0.90937365   77.94842957
    15     2    0.90941251   78.85784208
    15     3    0.90946496   79.76730704
    15     4    0.90948079   80.67678783
    15     5    0.90944600   81.58623383
    15     6    0.90938922   82.49562305
    16     1    0.92020244   83.41582549
    16     2    0.92023971   84.33606520
    16     3    0.92029380   85.25635901
    16     4    0.92031430   86.17667330
    16     5    0.92028222   87.09695552
    16     6    0.92022247   88.01717800
    17     1    0.92089983   88.93807783
    17     2    0.92095304   89.85903087
    17     3    0.92098844   90.78001931
    17     4    0.92097422   91.70099353
    17     5    0.92092514   92.62191866
    17     6    0.92088114   93.54279980
    18     1    0.91009184   94.45289164
    18     2    0.91014646   95.36303810
    18     3    0.91018008   96.27321818
    18     4    0.91016320   97.18338138
    18     5    0.91011170   98.09349308
    18     6    0.91006882   99.00356190
    19     1    0.90996180   99.91352371
    19     2    0.90999943  100.82352313
    19     3    0.91005206  101.73357519
    19     4    0.91006847  102.64364366
    19     5    0.91003470  103.55367836
    19     6    0.90997699  104.46365534
    20     1    0.92077638  105.38443172
    20     2    0.92081584  106.30524756
    20     3    0.92086818  107.22611575
    20     4    0.92088505  108.14700080
    20     5    0.92085026  109.06785106
    20     6    0.92079074  109.98864180
    21     1    0.92032921  110.90897100
    21     2    0.92038654  111.82935754
    21     3    0.92042025  112.74977779
    21     4    0.92040069  113.67017848
    21     5    0.92034726  114.59052574
    21     6    0.92030445  115.51083019
    22     1    0.90946438  116.42029456
    22     2    0.90952266  117.32981722
    22     3    0.90955813  118.23937535
    22     4    0.90954261  119.14891796
    22     5    0.90949186  120.05840983
    22     6    0.90944769  120.96785752
    23     1    0.91046967  121.87832719
    23     2    0.91051266  122.78883985
    23     3    0.91056452  123.69940437
    23     4    0.91058232  124.60998669
    23     5    0.91054928  125.52053597
    23     6    0.91049360  126.43102958
    24     1    0.92137440  127.35240398
    24     2    0.92141772  128.27382169
    24     3    0.92146590  129.19528760
    24     4    0.92148011  130.11676770
    24     5    0.92144579  131.03821349
    24     6    0.92139214  131.95960562
    25     1    0.91972405  132.87932967
    25     2    0.91978323  133.79911291
    25     3    0.91981378  134.71892669
    25     4    0.91979243  135.63871911
    25     5    0.91973845  136.55845756
    25     6    0.91970160  137.47815916
    26     1    0.90865550  138.38681466
    26     2    0.90871090  139.29552556
    26     3    0.90874709  140.20427265
    26     4    0.90873331  141.11300595
    26     5    0.90868233  142.02168828
    26     6    0.90864248  142.93033076
    27     1    0.91096341  143.84129417
    27     2    0.91100153  144.75229569
    27     3    0.91105568  145.66335138
    27     4    0.91107899  146.57443036
    27     5    0.91105004  147.48548040
    27     6    0.91099417  148.39647457
    28     1    0.92233351  149.31880808
    28     2    0.92237303  150.24118111
    28     3    0.92241914  151.16360025
    28     4    0.92243496  152.08603521
    28     5    0.92240636  153.00844157
    28     6    0.92235445  153.93079601
    29     1    0.91912007  154.84991609
    29     2    0.91917578  155.76909186
    29     3    0.91920140  156.68829326
    29     4    0.91917855  157.60747181
    29     5    0.91912822  158.52660004
    29     6    0.91909415  159.44569419
    30     1    0.90700981  160.35270400
    30     2    0.90705773  161.25976173
    30     3    0.90709101  162.16685274
    30     4    0.90707871  163.07393145
    30     5    0.90703181  163.98096326
    30     6    0.90699557  164.88795883
    31     1    0.91156198  165.79952081
    31     2    0.91158341  166.71110422
    31     3    0.91163777  167.62274199
    31     4    0.91167063  168.53441262
    31     5    0.91165389  169.44606651
    31     6    0.91160275  170.35766926
    32     1    0.92679862  171.28446787
    32     2    0.92681289  172.21128077
    32     3    0.92684968  173.13813045
    32     4    0.92687485  174.06500530
    32     5    0.92687095  174.99187624
    32     6    0.92682814  175.91870439
    33     1    0.92317214  176.84187652
    33     2    0.92319148  177.76506801
    33     3    0.92318808  178.68825609
    33     4    0.92317075  179.61142684
    33     5    0.92316184  180.53458869
    33     6    0.92314661  181.45773530
    34     1    0.90560774  182.36334303
    34     2    0.90561302  183.26895606
    34     3    0.90562247  184.17457853
    34     4    0.90562328  185.08020181
    34     5    0.90562061  185.98582242
    34     6    0.90559474  186.89141716
    35     1    0.90767697  187.79909412
    35     2    0.90769234  188.70678646
    35     3    0.90773045  189.61451691
    35     4    0.90775033  190.52226724
    35     5    0.90774289  191.43001013
    35     6    0.90769454  192.33770467
    36     1    0.94369796  193.28140263
    36     2    0.94371029  194.22511292
    36     3    0.94373089  195.16884381
    36     4    0.94373578  196.11257959
    36     5    0.94372341  197.05630300
    36     6    0.94369700  198.00000000
 
 Nx=          48 Ny=           6 t=  0.000000000000000E+000 J=
  0.000000000000000E+000 N_up=         264 N_down=           0 M1=        3600 
 M2=        8000
     1     1    0.94398662    0.94398662
     1     2    0.94401199    1.88799861
     1     3    0.94402455    2.83202316
     1     4    0.94401910    3.77604226
     1     5    0.94400042    4.72004268
     1     6    0.94398673    5.66402941
     2     1    0.90806853    6.57209793
     2     2    0.90811729    7.48021522
     2     3    0.90812585    8.38834107
     2     4    0.90810321    9.29644428
     2     5    0.90806575   10.20451003
     2     6    0.90805089   11.11256093
     3     1    0.90578723   12.01834816
     3     2    0.90581204   12.92416019
     3     3    0.90581378   13.82997397
     3     4    0.90581224   14.73578622
     3     5    0.90580302   15.64158923
     3     6    0.90579789   16.54738712
     4     1    0.92326727   17.47065439
     4     2    0.92328066   18.39393505
     4     3    0.92328837   19.31722342
     4     4    0.92330613   20.24052955
     4     5    0.92331002   21.16383957
     4     6    0.92328968   22.08712925
     5     1    0.92728141   23.01441066
     5     2    0.92732232   23.94173298
     5     3    0.92732464   24.86905762
     5     4    0.92729944   25.79635706
     5     5    0.92726345   26.72362050
     5     6    0.92724764   27.65086814
     6     1    0.91217380   28.56304194
     6     2    0.91222322   29.47526516
     6     3    0.91223782   30.38750298
     6     4    0.91220314   31.29970612
     6     5    0.91214877   32.21185489
     6     6    0.91212677   33.12398166
     7     1    0.90714210   34.03112376
     7     2    0.90717674   34.93830050
     7     3    0.90722129   35.84552179
     7     4    0.90723178   36.75275357
     7     5    0.90719843   37.65995200
     7     6    0.90715025   38.56710224
     8     1    0.91911165   39.48621389
     8     2    0.91914410   40.40535799
     8     3    0.91919244   41.32455043
     8     4    0.91921505   42.24376548
     8     5    0.91919075   43.16295622
     8     6    0.91913457   44.08209079
     9     1    0.92289329   45.00498408
     9     2    0.92294358   45.92792767
     9     3    0.92297026   46.85089793
     9     4    0.92295385   47.77385178
     9     5    0.92290939   48.69676117
     9     6    0.92286872   49.61962989
    10     1    0.91165935   50.53128924
    10     2    0.91171352   51.44300277
    10     3    0.91174017   52.35474294
    10     4    0.91171523   53.26645817
    10     5    0.91166149   54.17811966
    10     6    0.91162305   55.08974271
    11     1    0.90866776   55.99841047
    11     2    0.90870585   56.90711631
    11     3    0.90875435   57.81587067
    11     4    0.90876648   58.72463715
    11     5    0.90873055   59.63336770
    11     6    0.90867516   60.54204286
    12     1    0.91959808   61.46164095
    12     2    0.91963317   62.38127411
    12     3    0.91968501   63.30095913
    12     4    0.91970655   64.22066568
    12     5    0.91967730   65.14034298
    12     6    0.91961750   66.05996048
    13     1    0.92203989   66.98200036
    13     2    0.92209220   67.90409256
    13     3    0.92212422   68.82621678
    13     4    0.92210987   69.74832666
    13     5    0.92206246   70.67038912
    13     6    0.92201727   71.59240639
    14     1    0.91125897   72.50366536
    14     2    0.91131376   73.41497911
    14     3    0.91134447   74.32632358
    14     4    0.91132252   75.23764610
    14     5    0.91126905   76.14891515
    14     6    0.91122667   77.06014182
    15     1    0.90933860   77.96948042
    15     2    0.90937715   78.87885757
    15     3    0.90942670   79.78828427
    15     4    0.90943992   80.69772419
    15     5    0.90940412   81.60712832
    15     6    0.90934691   82.51647523
    16     1    0.92009706   83.43657229
    16     2    0.92013329   84.35670557
    16     3    0.92018522   85.27689079
    16     4    0.92020550   86.19709630
    16     5    0.92017494   87.11727123
    16     6    0.92011471   88.03738595
    17     1    0.92160392   88.95898986
    17     2    0.92165718   89.88064704
    17     3    0.92169026   90.80233730
    17     4    0.92167548   91.72401278
    17     5    0.92162700   92.64563978
    17     6    0.92158122   93.56722100
    18     1    0.91088947   94.47811047
    18     2    0.91094448   95.38905495
    18     3    0.91097655   96.30003150
    18     4    0.91095595   97.21098745
    18     5    0.91090309   98.12189054
    18     6    0.91085920   99.03274974
    19     1    0.90983953   99.94258926
    19     2    0.90987796  100.85246723
    19     3    0.90992791  101.76239514
    19     4    0.90994170  102.67233684
    19     5    0.90990639  103.58224323
    19     6    0.90984830  104.49209153
    20     1    0.92058708  105.41267861
    20     2    0.92062439  106.33330300
    20     3    0.92067544  107.25397844
    20     4    0.92069423  108.17467267
    20     5    0.92066254  109.09533521
    20     6    0.92060266  110.01593786
    21     1    0.92126411  110.93720197
    21     2    0.92131787  111.85851984
    21     3    0.92135059  112.77987043
    21     4    0.92133419  113.70120462
    21     5    0.92128504  114.62248966
    21     6    0.92123938  115.54372904
    22     1    0.91053810  116.45426714
    22     2    0.91059280  117.36485993
    22     3    0.91062552  118.27548546
    22     4    0.91060649  119.18609194
    22     5    0.91055404  120.09664598
    22     6    0.91050928  121.00715526
    23     1    0.91028174  121.91743700
    23     2    0.91032048  122.82775749
    23     3    0.91037117  123.73812866
    23     4    0.91038628  124.64851494
    23     5    0.91035184  125.55886678
    23     6    0.91029333  126.46916011
    24     1    0.92102373  127.39018384
    24     2    0.92106259  128.31124643
    24     3    0.92111374  129.23236017
    24     4    0.92113088  130.15349105
    24     5    0.92109813  131.07458918
    24     6    0.92103807  131.99562725
    25     1    0.92089559  132.91652284
    25     2    0.92095021  133.83747305
    25     3    0.92098294  134.75845599
    25     4    0.92096410  135.67942009
    25     5    0.92091280  136.60033290
    25     6    0.92086688  137.52119978
    26     1    0.91015570  138.43135548
    26     2    0.91020806  139.34156353
    26     3    0.91024190  140.25180543
    26     4    0.91022496  141.16203039
    26     5    0.91017355  142.07220395
    26     6    0.91012840  142.98233235
    27     1    0.91067395  143.89300630
    27     2    0.91071009  144.80371639
    27     3    0.91076162  145.71447802
    27     4    0.91077894  146.62525696
    27     5    0.91074590  147.53600286
    27     6    0.91068637  148.44668923
    28     1    0.92139725  149.36808648
    28     2    0.92143303  150.28951952
    28     3    0.92148213  151.21100165
    28     4    0.92149774  152.13249940
    28     5    0.92146532  153.05396471
    28     6    0.92140747  153.97537219
    29     1    0.92047047  154.89584266
    29     2    0.92053659  155.81637925
    29     3    0.92056402  156.73694327
    29     4    0.92054190  157.65748516
    29     5    0.92048913  158.57797430
    29     6    0.92044375  159.49841805
    30     1    0.90974789  160.40816594
    30     2    0.90980987  161.31797581
    30     3    0.90984530  162.22782111
    30     4    0.90983112  163.13765222
    30     5    0.90978325  164.04743547
    30     6    0.90973498  164.95717046
    31     1    0.91106725  165.86823771
    31     2    0.91110776  166.77934547
    31     3    0.91115952  167.69050500
    31     4    0.91117878  168.60168377
    31     5    0.91114526  169.51282903
    31     6    0.91109333  170.42392236
    32     1    0.92175761  171.34567997
    32     2    0.92180328  172.26748324
    32     3    0.92185093  173.18933417
    32     4    0.92186494  174.11119912
    32     5    0.92183120  175.03303032
    32     6    0.92177860  175.95480892
    33     1    0.92001619  176.87482511
    33     2    0.92007637  177.79490148
    33     3    0.92010635  178.71500782
    33     4    0.92008529  179.63509312
    33     5    0.92003289  180.55512601
    33     6    0.91999681  181.47512282
    34     1    0.90929439  182.38441721
    34     2    0.90935159  183.29376880
    34     3    0.90938720  184.20315600
    34     4    0.90937372  185.11252973
    34     5    0.90932384  186.02185357
    34     6    0.90928506  186.93113862
    35     1    0.91144295  187.84258157
    35     2    0.91148533  188.75406690
    35     3    0.91153828  189.66560519
    35     4    0.91156000  190.57716519
    35     5    0.91152906  191.48869425
    35     6    0.91147420  192.40016845
    36     1    0.92219709  193.32236554
    36     2    0.92224256  194.24460810
    36     3    0.92228919  195.16689729
    36     4    0.92230290  196.08920019
    36     5    0.92227009  197.01147028
    36     6    0.92221784  197.93368812
    37     1    0.91956615  198.85325427
    37     2    0.91962620  199.77288047
    37     3    0.91965503  200.69253550
    37     4    0.91963273  201.61216824
    37     5    0.91958039  202.53174862
    37     6    0.91954496  203.45129358
    38     1    0.90867367  204.35996725
    38     2    0.90872913  205.26869637
    38     3    0.90876485  206.17746122
    38     4    0.90875266  207.08621388
    38     5    0.90870400  207.99491788
    38     6    0.90866547  208.90358335
    39     1    0.91183554  209.81541889
    39     2    0.91187394  210.72729283
    39     3    0.91192730  211.63922013
    39     4    0.91195228  212.55117241
    39     5    0.91192531  213.46309772
    39     6    0.91187088  214.37496860
    40     1    0.92304178  215.29801038
    40     2    0.92308270  216.22109309
    40     3    0.92312650  217.14421959
    40     4    0.92314198  218.06736157
    40     5    0.92311481  218.99047638
    40     6    0.92306437  219.91354075
    41     1    0.91913474  220.83267549
    41     2    0.91919112  221.75186661
    41     3    0.91921492  222.67108153
    41     4    0.91919180  223.59027332
    41     5    0.91914300  224.50941633
    41     6    0.91911029  225.42852662
    42     1    0.90719617  226.33572279
    42     2    0.90724428  227.24296707
    42     3    0.90727740  228.15024448
    42     4    0.90726696  229.05751144
    42     5    0.90722233  229.96473377
    42     6    0.90718718  230.87192095
    43     1    0.91231981  231.78424076
    43     2    0.91234172  232.69658247
    43     3    0.91239587  233.60897834
    43     4    0.91243040  234.52140875
    43     5    0.91241572  235.43382446
    43     6    0.91236573  236.34619019
    44     1    0.92740241  237.27359261
    44     2    0.92741832  238.20101093
    44     3    0.92745370  239.12846463
    44     4    0.92747849  240.05594312
    44     5    0.92747595  240.98341907
    44     6    0.92743483  241.91085390
    45     1    0.92333001  242.83418391
    45     2    0.92335039  243.75753430
    45     3    0.92334615  244.68088046
    45     4    0.92332821  245.60420867
    45     5    0.92332039  246.52752906
    45     6    0.92330680  247.45083586
    46     1    0.90586312  248.35669898
    46     2    0.90586818  249.26256716
    46     3    0.90587753  250.16844469
    46     4    0.90587902  251.07432371
    46     5    0.90587710  251.98020081
    46     6    0.90585210  252.88605291
    47     1    0.90818047  253.79423338
    47     2    0.90819497  254.70242835
    47     3    0.90823363  255.61066198
    47     4    0.90825478  256.51891676
    47     5    0.90824668  257.42716344
    47     6    0.90819794  258.33536139
    48     1    0.94408878  259.27945017
    48     2    0.94410175  260.22355192
    48     3    0.94412097  261.16767289
    48     4    0.94412586  262.11179875
    48     5    0.94411348  263.05591223
    48     6    0.94408777  264.00000000
 
