  0.000000000000   0.000000000000   0.999897591745 -0.000000000000  0.000000000000  0.000000000000
  0.166666666667   0.000000000000   1.005330630714 -0.000000000000  0.000000000000  0.000000000000
  0.333333333333   0.000000000000   1.014657712294 -0.000000000000  0.000000000000  0.000000000000
  0.500000000000   0.000000000000   1.019508016350 -0.000000000000  0.000000000000  0.000000000000
  0.666666666667   0.000000000000   1.013027279260 -0.000000000000  0.000000000000  0.000000000000
  0.833333333333   0.000000000000   1.004340777057 -0.000000000000  0.000000000000  0.000000000000
  1.000000000000   0.000000000000   0.999438611413 -0.000000000000  0.000000000000  0.000000000000
  1.166666666667   0.000000000000   0.993477149466 -0.000000000000  0.000000000000  0.000000000000
  1.333333333333   0.000000000000   0.982793807905 -0.000000000000  0.000000000000  0.000000000000
  1.500000000000   0.000000000000   0.977165557423 -0.000000000000  0.000000000000  0.000000000000
  1.666666666667   0.000000000000   0.984772748805 -0.000000000000  0.000000000000  0.000000000000
  1.833333333333   0.000000000000   0.994779119305 -0.000000000000  0.000000000000  0.000000000000
  2.000000000000   0.000000000000   0.999897591745 -0.000000000000  0.000000000000  0.000000000000
  0.000000000000   0.333333333333   0.994881065666 -0.000000000000  0.000000000000  0.000000000000
  0.166666666667   0.333333333333   1.003916461434 -0.000000000000  1.003916461434 -0.000000000000
  0.333333333333   0.333333333333   1.007041184642 -0.000000000000  2.010957646075 -0.000000000000
  0.500000000000   0.333333333333   0.935783563702 -0.000000000000  2.946741209777 -0.000000000000
  0.666666666667   0.333333333333   0.568266354642 -0.000000000000  3.515007564419 -0.000000000000
  0.833333333333   0.333333333333   0.921599370233 -0.000000000000  4.436606934652 -0.000000000000
  1.000000000000   0.333333333333   0.982063509118 -0.000000000000  5.418670443770 -0.000000000000
  1.166666666667   0.333333333333   0.979377089624 -0.000000000000  6.398047533394 -0.000000000000
  1.333333333333   0.333333333333   0.967095384543 -0.000000000000  7.365142917938 -0.000000000000
  1.500000000000   0.333333333333   0.885682195351 -0.000000000000  8.250825113288 -0.000000000000
  1.666666666667   0.333333333333   0.525023628189 -0.000000000000  8.775848741477 -0.000000000000
  1.833333333333   0.333333333333   0.915532293531 -0.000000000000  9.691381035008 -0.000000000000
  2.000000000000   0.333333333333   0.994881065666 -0.000000000000 10.686262100674 -0.000000000000
  0.000000000000   0.666666666667   0.978897159405 -0.000000000000 10.686262100674 -0.000000000000
  0.166666666667   0.666666666667   0.922237284813 -0.000000000000 11.608499385488 -0.000000000000
  0.333333333333   0.666666666667   0.723207936666 -0.000000000000 12.331707322154 -0.000000000000
  0.500000000000   0.666666666667   0.946631497070 -0.000000000000 13.278338819225 -0.000000000000
  0.666666666667   0.666666666667   1.002304902408 -0.000000000000 14.280643721633 -0.000000000000
  0.833333333333   0.666666666667   0.998151140554 -0.000000000000 15.278794862187 -0.000000000000
  1.000000000000   0.666666666667   0.983446615919 -0.000000000000 16.262241478106 -0.000000000000
  1.166666666667   0.666666666667   0.911102200431 -0.000000000000 17.173343678536 -0.000000000000
  1.333333333333   0.666666666667   0.433660040039 -0.000000000000 17.607003718575 -0.000000000000
  1.500000000000   0.666666666667   0.878648287587 -0.000000000000 18.485652006162 -0.000000000000
  1.666666666667   0.666666666667   0.960327162533 -0.000000000000 19.445979168696 -0.000000000000
  1.833333333333   0.666666666667   0.973096296973 -0.000000000000 20.419075465669 -0.000000000000
  2.000000000000   0.666666666667   0.978897159405 -0.000000000000 21.397972625074 -0.000000000000
  0.000000000000   1.000000000000   0.997817800327 -0.000000000000 21.397972625074 -0.000000000000
  0.166666666667   1.000000000000   1.006139480074 -0.000000000000 22.404112105148 -0.000000000000
  0.333333333333   1.000000000000   1.013344896816 -0.000000000000 23.417457001964 -0.000000000000
  0.500000000000   1.000000000000   1.016728156004 -0.000000000000 24.434185157968 -0.000000000000
  0.666666666667   1.000000000000   1.011309398093 -0.000000000000 25.445494556061 -0.000000000000
  0.833333333333   1.000000000000   1.005103109929 -0.000000000000 26.450597665990 -0.000000000000
  1.000000000000   1.000000000000   0.997127401892 -0.000000000000 27.447725067881 -0.000000000000
  1.166666666667   1.000000000000   0.988153799121 -0.000000000000 28.435878867003 -0.000000000000
  1.333333333333   1.000000000000   0.979466456587 -0.000000000000 29.415345323589 -0.000000000000
  1.500000000000   1.000000000000   0.975060636543 -0.000000000000 30.390405960133 -0.000000000000
  1.666666666667   1.000000000000   0.981835157894 -0.000000000000 31.372241118027 -0.000000000000
  1.833333333333   1.000000000000   0.989212021673 -0.000000000000 32.361453139700 -0.000000000000
  2.000000000000   1.000000000000   0.997817800327 -0.000000000000 33.359270940027 -0.000000000000
  0.000000000000   1.333333333333   0.979092597430 -0.000000000000 33.359270940027 -0.000000000000
  0.166666666667   1.333333333333   0.997512077716 -0.000000000000 34.356783017743 -0.000000000000
  0.333333333333   1.333333333333   1.004328329550 -0.000000000000 35.361111347293 -0.000000000000
  0.500000000000   1.333333333333   0.947373229560 -0.000000000000 36.308484576852 -0.000000000000
  0.666666666667   1.333333333333   0.704048106744 -0.000000000000 37.012532683597 -0.000000000000
  0.833333333333   1.333333333333   0.933250061842 -0.000000000000 37.945782745439 -0.000000000000
  1.000000000000   1.333333333333   0.987623625413 -0.000000000000 38.933406370852 -0.000000000000
  1.166666666667   1.333333333333   0.979664212076 -0.000000000000 39.913070582928 -0.000000000000
  1.333333333333   1.333333333333   0.963887675989 -0.000000000000 40.876958258917 -0.000000000000
  1.500000000000   1.333333333333   0.868094571614 -0.000000000000 41.745052830531 -0.000000000000
  1.666666666667   1.333333333333   0.350250585106 -0.000000000000 42.095303415637 -0.000000000000
  1.833333333333   1.333333333333   0.868868693714 -0.000000000000 42.964172109351 -0.000000000000
  2.000000000000   1.333333333333   0.979092597430 -0.000000000000 43.943264706781 -0.000000000000
  0.000000000000   1.666666666667   0.981996565113 -0.000000000000 43.943264706781 -0.000000000000
  0.166666666667   1.666666666667   0.930267818548 -0.000000000000 44.873532525329 -0.000000000000
  0.333333333333   1.666666666667   0.699294678416 -0.000000000000 45.572827203745 -0.000000000000
  0.500000000000   1.666666666667   0.930832920085 -0.000000000000 46.503660123830 -0.000000000000
  0.666666666667   1.666666666667   0.994073015108 -0.000000000000 47.497733138939 -0.000000000000
  0.833333333333   1.666666666667   0.992881786244 -0.000000000000 48.490614925183 -0.000000000000
  1.000000000000   1.666666666667   0.980588262389 -0.000000000000 49.471203187571 -0.000000000000
  1.166666666667   1.666666666667   0.874994368610 -0.000000000000 50.346197556181 -0.000000000000
  1.333333333333   1.666666666667   0.449789385513 -0.000000000000 50.795986941694 -0.000000000000
  1.500000000000   1.666666666667   0.879395675727 -0.000000000000 51.675382617422 -0.000000000000
  1.666666666667   1.666666666667   0.968124659932 -0.000000000000 52.643507277354 -0.000000000000
  1.833333333333   1.666666666667   0.979062525831 -0.000000000000 53.622569803184 -0.000000000000
  2.000000000000   1.666666666667   0.981996565113 -0.000000000000 54.604566368297 -0.000000000000
  0.000000000000   2.000000000000   0.999897591745 -0.000000000000 54.604566368297 -0.000000000000
  0.166666666667   2.000000000000   1.005330630714 -0.000000000000 55.609896999011 -0.000000000000
  0.333333333333   2.000000000000   1.014657712294 -0.000000000000 56.624554711305 -0.000000000000
  0.500000000000   2.000000000000   1.019508016350 -0.000000000000 57.644062727656 -0.000000000000
  0.666666666667   2.000000000000   1.013027279260 -0.000000000000 58.657090006915 -0.000000000000
  0.833333333333   2.000000000000   1.004340777057 -0.000000000000 59.661430783973 -0.000000000000
  1.000000000000   2.000000000000   0.999438611413 -0.000000000000 60.660869395386 -0.000000000000
  1.166666666667   2.000000000000   0.993477149466 -0.000000000000 61.654346544851 -0.000000000000
  1.333333333333   2.000000000000   0.982793807905 -0.000000000000 62.637140352757 -0.000000000000
  1.500000000000   2.000000000000   0.977165557423 -0.000000000000 63.614305910179 -0.000000000000
  1.666666666667   2.000000000000   0.984772748805 -0.000000000000 64.599078658984 -0.000000000000
  1.833333333333   2.000000000000   0.994779119305 -0.000000000000 65.593857778289 -0.000000000000
  2.000000000000   2.000000000000   0.999897591745 -0.000000000000 66.593755370034 -0.000000000000
 
