Nx=          36 Ny=           6  N_up=         198 N_down=           0 M1=        3600 M2=       14000
     1     1    0.95532060    0.95532060
     1     2    0.95532128    1.91064188
     1     3    0.95532908    2.86597096
     1     4    0.95532634    3.82129730
     1     5    0.95532585    4.77662315
     1     6    0.95531770    5.73194085
     2     1    0.90999829    6.64193915
     2     2    0.91000857    7.55194772
     2     3    0.91001293    8.46196065
     2     4    0.91001082    9.37197146
     2     5    0.91000235   10.28197381
     2     6    0.90999635   11.19197016
     3     1    0.90163522   12.09360538
     3     2    0.90163458   12.99523996
     3     3    0.90163651   13.89687647
     3     4    0.90164069   14.79851716
     3     5    0.90164070   15.70015785
     3     6    0.90164228   16.60180014
     4     1    0.92022639   17.52202653
     4     2    0.92021621   18.44224274
     4     3    0.92021974   19.36246248
     4     4    0.92023277   20.28269525
     4     5    0.92024175   21.20293700
     4     6    0.92024117   22.12317817
     5     1    0.92775675   23.05093492
     5     2    0.92775548   23.97869040
     5     3    0.92775551   24.90644591
     5     4    0.92775221   25.83419811
     5     5    0.92774551   26.76194362
     5     6    0.92774954   27.68969316
     6     1    0.91273368   28.60242684
     6     2    0.91273489   29.51516173
     6     3    0.91273550   30.42789723
     6     4    0.91272385   31.34062108
     6     5    0.91270837   32.25332945
     6     6    0.91271586   33.16604530
     7     1    0.90563808   34.07168338
     7     2    0.90563227   34.97731566
     7     3    0.90564491   35.88296057
     7     4    0.90564865   36.78860922
     7     5    0.90564157   37.69425078
     7     6    0.90564139   38.59989217
     8     1    0.91739566   39.51728783
     8     2    0.91738982   40.43467765
     8     3    0.91740619   41.35208384
     8     4    0.91741552   42.26949935
     8     5    0.91741148   43.18691084
     8     6    0.91740640   44.10431724
     9     1    0.92230202   45.02661926
     9     2    0.92230299   45.94892225
     9     3    0.92231049   46.87123273
     9     4    0.92230594   47.79353868
     9     5    0.92229263   48.71583131
     9     6    0.92229393   49.63812524
    10     1    0.91126323   50.54938847
    10     2    0.91126467   51.46065314
    10     3    0.91127067   52.37192381
    10     4    0.91126209   53.28318590
    10     5    0.91124541   54.19443131
    10     6    0.91124883   55.10568014
    11     1    0.90772125   56.01340140
    11     2    0.90771640   56.92111780
    11     3    0.90773175   57.82884955
    11     4    0.90773628   58.73658583
    11     5    0.90772692   59.64431275
    11     6    0.90772458   60.55203732
    12     1    0.91843307   61.47047039
    12     2    0.91842830   62.38889870
    12     3    0.91844602   63.30734472
    12     4    0.91845402   64.22579874
    12     5    0.91844692   65.14424566
    12     6    0.91844145   66.06268711
    13     1    0.92096243   66.98364954
    13     2    0.92096379   67.90461333
    13     3    0.92097339   68.82558672
    13     4    0.92096884   69.74655555
    13     5    0.92095389   70.66750944
    13     6    0.92095415   71.58846359
    14     1    0.91042970   72.49889328
    14     2    0.91043082   73.40932411
    14     3    0.91043934   74.31976345
    14     4    0.91043239   75.23019584
    14     5    0.91041556   76.14061140
    14     6    0.91041746   77.05102885
    15     1    0.90881573   77.95984458
    15     2    0.90881091   78.86865549
    15     3    0.90882761   79.77748311
    15     4    0.90883266   80.68631577
    15     5    0.90882320   81.59513897
    15     6    0.90882045   82.50395942
    16     1    0.91925873   83.42321815
    16     2    0.91925471   84.34247286
    16     3    0.91927223   85.26174508
    16     4    0.91927897   86.18102405
    16     5    0.91927094   87.10029499
    16     6    0.91926562   88.01956061
    17     1    0.92003856   88.93959918
    17     2    0.92004028   89.85963946
    17     3    0.92004998   90.77968944
    17     4    0.92004482   91.69973426
    17     5    0.92002905   92.61976331
    17     6    0.92002958   93.53979289
    18     1    0.90964524   94.44943813
    18     2    0.90964606   95.35908419
    18     3    0.90965598   96.26874016
    18     4    0.90965005   97.17839021
    18     5    0.90963326   98.08802347
    18     6    0.90963469   98.99765816
    19     1    0.90969823   99.90735639
    19     2    0.90969306  100.81704946
    19     3    0.90971008  101.72675954
    19     4    0.90971578  102.63647531
    19     5    0.90970682  103.54618213
    19     6    0.90970343  104.45588556
    20     1    0.92009449  105.37598005
    20     2    0.92009065  106.29607070
    20     3    0.92010691  107.21617761
    20     4    0.92011267  108.13629028
    20     5    0.92010442  109.05639469
    20     6    0.92009963  109.97649432
    21     1    0.91922860  110.89572292
    21     2    0.91923100  111.81495392
    21     3    0.91923954  112.73419346
    21     4    0.91923274  113.65342621
    21     5    0.91921575  114.57264195
    21     6    0.91921657  115.49185852
    22     1    0.90880630  116.40066482
    22     2    0.90880604  117.30947086
    22     3    0.90881558  118.21828644
    22     4    0.90881020  119.12709664
    22     5    0.90879406  120.03589070
    22     6    0.90879544  120.94468614
    23     1    0.91051613  121.85520226
    23     2    0.91051053  122.76571279
    23     3    0.91052790  123.67624069
    23     4    0.91053474  124.58677543
    23     5    0.91052639  125.49730182
    23     6    0.91052206  126.40782388
    24     1    0.92103475  127.32885864
    24     2    0.92103137  128.24989001
    24     3    0.92104719  129.17093719
    24     4    0.92105181  130.09198900
    24     5    0.92104232  131.01303132
    24     6    0.92103827  131.93406959
    25     1    0.91842516  132.85249475
    25     2    0.91843121  133.77092596
    25     3    0.91843760  134.68936356
    25     4    0.91842920  135.60779277
    25     5    0.91841134  136.52620411
    25     6    0.91841173  137.44461584
    26     1    0.90773789  138.35235373
    26     2    0.90774072  139.26009445
    26     3    0.90775073  140.16784518
    26     4    0.90774762  141.07559280
    26     5    0.90773440  141.98332720
    26     6    0.90773427  142.89106147
    27     1    0.91135613  143.80241761
    27     2    0.91135224  144.71376985
    27     3    0.91136836  145.62513821
    27     4    0.91137694  146.53651515
    27     5    0.91137148  147.44788663
    27     6    0.91137035  148.35925698
    28     1    0.92236904  149.28162601
    28     2    0.92236770  150.20399371
    28     3    0.92238058  151.12637430
    28     4    0.92238508  152.04875938
    28     5    0.92237783  152.97113721
    28     6    0.92237719  153.89351439
    29     1    0.91740091  154.81091530
    29     2    0.91740598  155.72832128
    29     3    0.91740997  156.64573125
    29     4    0.91740063  157.56313188
    29     5    0.91738439  158.48051627
    29     6    0.91739031  159.39790658
    30     1    0.90567014  160.30357672
    30     2    0.90567029  161.20924701
    30     3    0.90567740  162.11492440
    30     4    0.90567380  163.02059820
    30     5    0.90566135  163.92625955
    30     6    0.90566717  164.83192672
    31     1    0.91281588  165.74474260
    31     2    0.91280867  166.65755127
    31     3    0.91282430  167.57037556
    31     4    0.91283599  168.48321156
    31     5    0.91283545  169.39604701
    31     6    0.91283407  170.30888108
    32     1    0.92781923  171.23670031
    32     2    0.92781505  172.16451536
    32     3    0.92782221  173.09233756
    32     4    0.92782524  174.02016280
    32     5    0.92782499  174.94798779
    32     6    0.92782641  175.87581420
    33     1    0.92025445  176.79606865
    33     2    0.92025515  177.71632381
    33     3    0.92024556  178.63656937
    33     4    0.92023249  179.55680186
    33     5    0.92022858  180.47703044
    33     6    0.92023911  181.39726955
    34     1    0.90167878  182.29894833
    34     2    0.90167763  183.20062596
    34     3    0.90167677  184.10230273
    34     4    0.90167346  185.00397619
    34     5    0.90167004  185.90564623
    34     6    0.90167190  186.80731813
    35     1    0.91006681  187.71738494
    35     2    0.91007281  188.62745775
    35     3    0.91008210  189.53753985
    35     4    0.91008459  190.44762444
    35     5    0.91007868  191.35770312
    35     6    0.91006934  192.26777246
    36     1    0.95536743  193.22313989
    36     2    0.95537114  194.17851103
    36     3    0.95537675  195.13388778
    36     4    0.95537488  196.08926267
    36     5    0.95537139  197.04463406
    36     6    0.95536594  198.00000000
 
