Nx=          32 Ny=           6 t=  0.000000000000000E+000 J=
  0.000000000000000E+000 N_up=         168 N_down=           0 M1=        3600 
 M2=       14000
     1     1    0.75591666    0.75591666
     1     2    0.75560122    1.51151788
     1     3    0.75585680    2.26737468
     1     4    0.75561731    3.02299198
     1     5    0.75589946    3.77889144
     1     6    0.75561787    4.53450931
     2     1    0.91396465    5.44847396
     2     2    0.91427862    6.36275258
     2     3    0.91402641    7.27677898
     2     4    0.91397494    8.19075392
     2     5    0.91392802    9.10468194
     2     6    0.91402716   10.01870910
     3     1    0.89419958   10.91290869
     3     2    0.89433298   11.80724167
     3     3    0.89420894   12.70145061
     3     4    0.89373925   13.59518985
     3     5    0.89386887   14.48905872
     3     6    0.89367356   15.38273227
     4     1    0.89362152   16.27635379
     4     2    0.89403772   17.17039151
     4     3    0.89340787   18.06379938
     4     4    0.89320576   18.95700514
     4     5    0.89305074   19.85005588
     4     6    0.89290692   20.74296279
     5     1    0.87758036   21.62054315
     5     2    0.87759059   22.49813375
     5     3    0.87770021   23.37583395
     5     4    0.87698836   24.25282232
     5     5    0.87710690   25.12992922
     5     6    0.87636949   26.00629870
     6     1    0.87035565   26.87665435
     6     2    0.87088368   27.74753803
     6     3    0.87076081   28.61829884
     6     4    0.87053288   29.48883171
     6     5    0.87015194   30.35898365
     6     6    0.86968755   31.22867121
     7     1    0.87831022   32.10698142
     7     2    0.87783991   32.98482133
     7     3    0.87874295   33.86356428
     7     4    0.87802465   34.74158893
     7     5    0.87870745   35.62029638
     7     6    0.87739781   36.49769419
     8     1    0.87669464   37.37438883
     8     2    0.87714370   38.25153252
     8     3    0.87771552   39.12924804
     8     4    0.87763525   40.00688329
     8     5    0.87767913   40.88456242
     8     6    0.87644682   41.76100924
     9     1    0.88477222   42.64578146
     9     2    0.88450006   43.53028152
     9     3    0.88553278   44.41581430
     9     4    0.88455175   45.30036605
     9     5    0.88517979   46.18554585
     9     6    0.88385802   47.06940387
    10     1    0.87967453   47.94907840
    10     2    0.88015226   48.82923066
    10     3    0.88018677   49.70941743
    10     4    0.88010644   50.58952387
    10     5    0.88015304   51.46967691
    10     6    0.87967423   52.34935115
    11     1    0.87792217   53.22727331
    11     2    0.87878377   54.10605708
    11     3    0.87847781   54.98453489
    11     4    0.87874172   55.86327661
    11     5    0.87837801   56.74165462
    11     6    0.87820670   57.61986132
    12     1    0.87975436   58.49961568
    12     2    0.88042525   59.38004093
    12     3    0.88017519   60.26021612
    12     4    0.88030153   61.14051765
    12     5    0.88012500   62.02064265
    12     6    0.87999624   62.90063889
    13     1    0.87667854   63.77731743
    13     2    0.87791725   64.65523468
    13     3    0.87730861   65.53254328
    13     4    0.87814504   66.41068833
    13     5    0.87756478   67.28825311
    13     6    0.87761852   68.16587163
    14     1    0.88104001   69.04691163
    14     2    0.88179695   69.92870858
    14     3    0.88169648   70.81040506
    14     4    0.88181782   71.69222289
    14     5    0.88165314   72.57387602
    14     6    0.88118847   73.45506450
    15     1    0.87846692   74.33353142
    15     2    0.87896554   75.21249695
    15     3    0.87878411   76.09128107
    15     4    0.87878040   76.97006146
    15     5    0.87881341   77.84887487
    15     6    0.87843241   78.72730729
    16     1    0.87951457   79.60682186
    16     2    0.87984226   80.48666412
    16     3    0.87999616   81.36666028
    16     4    0.87989738   82.24655766
    16     5    0.88007089   83.12662856
    16     6    0.87939228   84.00602083
    17     1    0.87956791   84.88558874
    17     2    0.87969634   85.76528508
    17     3    0.88006988   86.64535496
    17     4    0.87959313   87.52494809
    17     5    0.88003504   88.40498313
    17     6    0.87909861   89.28408174
    18     1    0.87847056   90.16255230
    18     2    0.87882199   91.04137429
    18     3    0.87874533   91.92011962
    18     4    0.87876803   92.79888765
    18     5    0.87896698   93.67785463
    18     6    0.87841307   94.55626770
    19     1    0.88109098   95.43735868
    19     2    0.88172371   96.31908238
    19     3    0.88168954   97.20077193
    19     4    0.88179709   98.08256901
    19     5    0.88167699   98.96424601
    19     6    0.88111059   99.84535659
    20     1    0.87699703  100.72235362
    20     2    0.87783063  101.60018425
    20     3    0.87755785  102.47774210
    20     4    0.87761281  103.35535490
    20     5    0.87730727  104.23266217
    20     6    0.87697243  105.10963460
    21     1    0.87973680  105.98937140
    21     2    0.88047364  106.86984504
    21     3    0.88008124  107.74992628
    21     4    0.88053879  108.63046507
    21     5    0.88021018  109.51067525
    21     6    0.88014930  110.39082455
    22     1    0.87780394  111.26862848
    22     2    0.87840152  112.14703000
    22     3    0.87834139  113.02537139
    22     4    0.87854377  113.90391516
    22     5    0.87840753  114.78232269
    22     6    0.87793595  115.66025864
    23     1    0.87956547  116.53982412
    23     2    0.87998151  117.41980563
    23     3    0.87997660  118.29978223
    23     4    0.88007101  119.17985325
    23     5    0.87995793  120.05981118
    23     6    0.87951570  120.93932688
    24     1    0.88442976  121.82375664
    24     2    0.88465645  122.70841308
    24     3    0.88512642  123.59353950
    24     4    0.88505804  124.47859754
    24     5    0.88506301  125.36366055
    24     6    0.88431542  126.24797597
    25     1    0.87653663  127.12451260
    25     2    0.87707419  128.00158679
    25     3    0.87770672  128.87929351
    25     4    0.87713174  129.75642525
    25     5    0.87724953  130.63367478
    25     6    0.87605436  131.50972915
    26     1    0.87806016  132.38778931
    26     2    0.87832070  133.26611001
    26     3    0.87862290  134.14473291
    26     4    0.87833139  135.02306430
    26     5    0.87843106  135.90149536
    26     6    0.87786222  136.77935758
    27     1    0.86956092  137.64891850
    27     2    0.86979519  138.51871369
    27     3    0.87037849  139.38909218
    27     4    0.87040923  140.25950141
    27     5    0.87069813  141.13019953
    27     6    0.86997602  142.00017555
    28     1    0.87643816  142.87661371
    28     2    0.87655751  143.75317122
    28     3    0.87707038  144.63024160
    28     4    0.87715542  145.50739702
    28     5    0.87766043  146.38505746
    28     6    0.87704452  147.26210198
    29     1    0.89263306  148.15473504
    29     2    0.89286182  149.04759686
    29     3    0.89297753  149.94057439
    29     4    0.89320582  150.83378021
    29     5    0.89384910  151.72762930
    29     6    0.89346085  152.62109015
    30     1    0.89331591  153.51440607
    30     2    0.89331899  154.40772506
    30     3    0.89339164  155.30111671
    30     4    0.89367797  156.19479467
    30     5    0.89402417  157.08881884
    30     6    0.89366535  157.98248419
    31     1    0.91383975  158.89632394
    31     2    0.91402520  159.81034913
    31     3    0.91376734  160.72411647
    31     4    0.91412582  161.63824228
    31     5    0.91409070  162.55233299
    31     6    0.91405840  163.46639139
    32     1    0.75565095  164.22204234
    32     2    0.75557150  164.97761384
    32     3    0.75564721  165.73326104
    32     4    0.75551784  166.48877888
    32     5    0.75562984  167.24440872
    32     6    0.75559128  168.00000000
 
