Nx=          32 Ny=           6  N_up=         168 N_down=           0 M1=        3600 M2=       14000
     1     1    0.84428006    0.84428006
     1     2    0.84428077    1.68856083
     1     3    0.84427384    2.53283467
     1     4    0.84427757    3.37711224
     1     5    0.84428020    4.22139244
     1     6    0.84428811    5.06568055
     2     1    0.87102533    5.93670589
     2     2    0.87107325    6.80777913
     2     3    0.87104485    7.67882398
     2     4    0.87102234    8.54984632
     2     5    0.87101245    9.42085877
     2     6    0.87100251   10.29186128
     3     1    0.87364261   11.16550389
     3     2    0.87372433   12.03922822
     3     3    0.87370569   12.91293390
     3     4    0.87366761   13.78660152
     3     5    0.87364623   14.66024775
     3     6    0.87363612   15.53388386
     4     1    0.88651180   16.42039566
     4     2    0.88662334   17.30701901
     4     3    0.88656598   18.19358498
     4     4    0.88649864   19.08008362
     4     5    0.88644142   19.96652504
     4     6    0.88642150   20.85294654
     5     1    0.87869597   21.73164251
     5     2    0.87881948   22.61046199
     5     3    0.87877629   23.48923828
     5     4    0.87871227   24.36795055
     5     5    0.87867133   25.24662187
     5     6    0.87863438   26.12525625
     6     1    0.87349906   26.99875531
     6     2    0.87361119   27.87236650
     6     3    0.87360325   28.74596975
     6     4    0.87359398   29.61956373
     6     5    0.87357774   30.49314147
     6     6    0.87347944   31.36662092
     7     1    0.87640532   32.24302624
     7     2    0.87649835   33.11952458
     7     3    0.87651355   33.99603813
     7     4    0.87653462   34.87257275
     7     5    0.87654983   35.74912258
     7     6    0.87641970   36.62554228
     8     1    0.87630999   37.50185227
     8     2    0.87642878   38.37828105
     8     3    0.87643689   39.25471793
     8     4    0.87644603   40.13116396
     8     5    0.87644628   41.00761024
     8     6    0.87630875   41.88391899
     9     1    0.87800167   42.76192066
     9     2    0.87810824   43.64002890
     9     3    0.87810719   44.51813609
     9     4    0.87811203   45.39624812
     9     5    0.87811269   46.27436081
     9     6    0.87799818   47.15235899
    10     1    0.87876150   48.03112049
    10     2    0.87885925   48.90997973
    10     3    0.87883936   49.78881910
    10     4    0.87882562   50.66764472
    10     5    0.87883098   51.54647570
    10     6    0.87874329   52.42521899
    11     1    0.87601296   53.30123195
    11     2    0.87611184   54.17734379
    11     3    0.87609783   55.05344162
    11     4    0.87609533   55.92953696
    11     5    0.87610638   56.80564334
    11     6    0.87600413   57.68164748
    12     1    0.87759231   58.55923979
    12     2    0.87767780   59.43691759
    12     3    0.87766827   60.31458585
    12     4    0.87768048   61.19226633
    12     5    0.87770058   62.06996692
    12     6    0.87759593   62.94756285
    13     1    0.87745736   63.82502021
    13     2    0.87755504   64.70257525
    13     3    0.87754305   65.58011830
    13     4    0.87753822   66.45765651
    13     5    0.87754934   67.33520586
    13     6    0.87744659   68.21265245
    14     1    0.87633708   69.08898953
    14     2    0.87643825   69.96542778
    14     3    0.87643204   70.84185982
    14     4    0.87643732   71.71829714
    14     5    0.87644778   72.59474492
    14     6    0.87633484   73.47107976
    15     1    0.87835131   74.34943107
    15     2    0.87844168   75.22787275
    15     3    0.87842736   76.10630011
    15     4    0.87842869   76.98472881
    15     5    0.87844354   77.86317235
    15     6    0.87834542   78.74151776
    16     1    0.87679078   79.61830855
    16     2    0.87689017   80.49519872
    16     3    0.87687530   81.37207401
    16     4    0.87686736   82.24894138
    16     5    0.87687687   83.12581825
    16     6    0.87677688   84.00259512
    17     1    0.87676509   84.87936022
    17     2    0.87685729   85.75621751
    17     3    0.87684955   86.63306706
    17     4    0.87685979   87.50992685
    17     5    0.87687628   88.38680313
    17     6    0.87676849   89.26357162
    18     1    0.87835209   90.14192371
    18     2    0.87844271   91.02036643
    18     3    0.87842986   91.89879629
    18     4    0.87843087   92.77722716
    18     5    0.87844709   93.65567425
    18     6    0.87834895   94.53402320
    19     1    0.87634204   95.41036523
    19     2    0.87644735   96.28681258
    19     3    0.87643865   97.16325123
    19     4    0.87643627   98.03968750
    19     5    0.87644486   98.91613236
    19     6    0.87633544   99.79246780
    20     1    0.87742675  100.66989456
    20     2    0.87752208  101.54741664
    20     3    0.87751257  102.42492921
    20     4    0.87751995  103.30244915
    20     5    0.87753413  104.17998328
    20     6    0.87742822  105.05741151
    21     1    0.87760369  105.93501520
    21     2    0.87770012  106.81271532
    21     3    0.87768183  107.69039715
    21     4    0.87767184  108.56806899
    21     5    0.87768411  109.44575310
    21     6    0.87759118  110.32334427
    22     1    0.87597918  111.19932345
    22     2    0.87608809  112.07541154
    22     3    0.87607554  112.95148708
    22     4    0.87607832  113.82756540
    22     5    0.87609247  114.70365787
    22     6    0.87598218  115.57964005
    23     1    0.87870052  116.45834057
    23     2    0.87879001  117.33713058
    23     3    0.87878339  118.21591397
    23     4    0.87879906  119.09471303
    23     5    0.87882107  119.97353410
    23     6    0.87871264  120.85224674
    24     1    0.87797335  121.73022009
    24     2    0.87808529  122.60830538
    24     3    0.87808533  123.48639071
    24     4    0.87808157  124.36447228
    24     5    0.87808335  125.24255563
    24     6    0.87797789  126.12053352
    25     1    0.87624252  126.99677604
    25     2    0.87638051  127.87315655
    25     3    0.87638068  128.74953722
    25     4    0.87637171  129.62590894
    25     5    0.87636396  130.50227290
    25     6    0.87624425  131.37851715
    26     1    0.87634395  132.25486110
    26     2    0.87647456  133.13133566
    26     3    0.87645921  134.00779486
    26     4    0.87643813  134.88423299
    26     5    0.87642319  135.76065619
    26     6    0.87632973  136.63698592
    27     1    0.87339225  137.51037816
    27     2    0.87349078  138.38386894
    27     3    0.87350692  139.25737586
    27     4    0.87351609  140.13089195
    27     5    0.87352426  141.00441622
    27     6    0.87341188  141.87782809
    28     1    0.87850733  142.75633542
    28     2    0.87854417  143.63487960
    28     3    0.87858535  144.51346494
    28     4    0.87864953  145.39211448
    28     5    0.87869290  146.27080738
    28     6    0.87856906  147.14937644
    29     1    0.88630791  148.03568435
    29     2    0.88632772  148.92201207
    29     3    0.88638529  149.80839736
    29     4    0.88645288  150.69485025
    29     5    0.88651064  151.58136089
    29     6    0.88639881  152.46775971
    30     1    0.87355321  153.34131291
    30     2    0.87356341  154.21487632
    30     3    0.87358487  155.08846120
    30     4    0.87362308  155.96208428
    30     5    0.87364170  156.83572597
    30     6    0.87355961  157.70928559
    31     1    0.87091339  158.58019898
    31     2    0.87092344  159.45112242
    31     3    0.87093321  160.32205563
    31     4    0.87095576  161.19301139
    31     5    0.87098435  162.06399575
    31     6    0.87093637  162.93493211
    32     1    0.84418629  163.77911841
    32     2    0.84417819  164.62329659
    32     3    0.84417536  165.46747195
    32     4    0.84417141  166.31164337
    32     5    0.84417849  167.15582186
    32     6    0.84417814  168.00000000
