Nx=  48 Ny= 4 t= 0.000 J= 0.000 N_up=176 N_down=  0 M1= 3200 M2= ****
     1     1    0.94785385    0.94785385
     1     2    0.94785395    1.89570780
     1     3    0.94785396    2.84356175
     1     4    0.94785399    3.79141574
     2     1    0.90892092    4.70033666
     2     2    0.90892083    5.60925749
     2     3    0.90892097    6.51817847
     2     4    0.90892081    7.42709928
     3     1    0.89984668    8.32694596
     3     2    0.89984667    9.22679263
     3     3    0.89984668   10.12663931
     3     4    0.89984667   11.02648598
     4     1    0.90432594   11.93081192
     4     2    0.90432592   12.83513784
     4     3    0.90432594   13.73946378
     4     4    0.90432591   14.64378969
     5     1    0.91594661   15.55973630
     5     2    0.91594660   16.47568291
     5     3    0.91594661   17.39162952
     5     4    0.91594660   18.30757612
     6     1    0.92791212   19.23548824
     6     2    0.92791212   20.16340035
     6     3    0.92791212   21.09131247
     6     4    0.92791212   22.01922459
     7     1    0.92743359   22.94665818
     7     2    0.92743359   23.87409177
     7     3    0.92743359   24.80152536
     7     4    0.92743359   25.72895895
     8     1    0.91605074   26.64500969
     8     2    0.91605074   27.56106044
     8     3    0.91605074   28.47711118
     8     4    0.91605074   29.39316192
     9     1    0.90697010   30.30013202
     9     2    0.90697010   31.20710213
     9     3    0.90697011   32.11407223
     9     4    0.90697010   33.02104233
    10     1    0.90732234   33.92836467
    10     2    0.90732234   34.83568701
    10     3    0.90732234   35.74300935
    10     4    0.90732234   36.65033169
    11     1    0.91589709   37.56622877
    11     2    0.91589709   38.48212586
    11     3    0.91589709   39.39802295
    11     4    0.91589709   40.31392004
    12     1    0.92494377   41.23886381
    12     2    0.92494378   42.16380759
    12     3    0.92494378   43.08875137
    12     4    0.92494377   44.01369514
    13     1    0.92497376   44.93866890
    13     2    0.92497377   45.86364267
    13     3    0.92497377   46.78861644
    13     4    0.92497376   47.71359020
    14     1    0.91632096   48.62991116
    14     2    0.91632096   49.54623212
    14     3    0.91632096   50.46255308
    14     4    0.91632096   51.37887404
    15     1    0.90848515   52.28735919
    15     2    0.90848515   53.19584435
    15     3    0.90848515   54.10432950
    15     4    0.90848515   55.01281465
    16     1    0.90850808   55.92132273
    16     2    0.90850808   56.82983081
    16     3    0.90850808   57.73833889
    16     4    0.90850808   58.64684697
    17     1    0.91603825   59.56288522
    17     2    0.91603825   60.47892347
    17     3    0.91603825   61.39496172
    17     4    0.91603825   62.31099997
    18     1    0.92399967   63.23499964
    18     2    0.92399967   64.15899931
    18     3    0.92399967   65.08299898
    18     4    0.92399967   66.00699865
    19     1    0.92404957   66.93104823
    19     2    0.92404957   67.85509780
    19     3    0.92404957   68.77914737
    19     4    0.92404957   69.70319695
    20     1    0.91627699   70.61947394
    20     2    0.91627699   71.53575093
    20     3    0.91627699   72.45202792
    20     4    0.91627699   73.36830491
    21     1    0.90899461   74.27729953
    21     2    0.90899462   75.18629414
    21     3    0.90899462   76.09528876
    21     4    0.90899461   77.00428337
    22     1    0.90898705   77.91327042
    22     2    0.90898705   78.82225748
    22     3    0.90898705   79.73124453
    22     4    0.90898705   80.64023158
    23     1    0.91617092   81.55640250
    23     2    0.91617092   82.47257342
    23     3    0.91617092   83.38874435
    23     4    0.91617092   84.30491527
    24     1    0.92377131   85.22868658
    24     2    0.92377131   86.15245789
    24     3    0.92377131   87.07622921
    24     4    0.92377131   88.00000052
    25     1    0.92377133   88.92377185
    25     2    0.92377133   89.84754318
    25     3    0.92377133   90.77131451
    25     4    0.92377133   91.69508584
    26     1    0.91617095   92.61125679
    26     2    0.91617095   93.52742774
    26     3    0.91617095   94.44359869
    26     4    0.91617095   95.35976964
    27     1    0.90898705   96.26875669
    27     2    0.90898706   97.17774375
    27     3    0.90898706   98.08673080
    27     4    0.90898705   98.99571785
    28     1    0.90899458   99.90471243
    28     2    0.90899458  100.81370701
    28     3    0.90899458  101.72270160
    28     4    0.90899458  102.63169618
    29     1    0.91627696  103.54797313
    29     2    0.91627696  104.46425009
    29     3    0.91627696  105.38052705
    29     4    0.91627696  106.29680401
    30     1    0.92404958  107.22085359
    30     2    0.92404959  108.14490317
    30     3    0.92404959  109.06895276
    30     4    0.92404958  109.99300234
    31     1    0.92399972  110.91700206
    31     2    0.92399972  111.84100179
    31     3    0.92399972  112.76500151
    31     4    0.92399972  113.68900123
    32     1    0.91603827  114.60503950
    32     2    0.91603828  115.52107778
    32     3    0.91603828  116.43711605
    32     4    0.91603827  117.35315432
    33     1    0.90850803  118.26166236
    33     2    0.90850804  119.17017039
    33     3    0.90850804  120.07867843
    33     4    0.90850803  120.98718646
    34     1    0.90848506  121.89567152
    34     2    0.90848506  122.80415659
    34     3    0.90848506  123.71264165
    34     4    0.90848506  124.62112671
    35     1    0.91632088  125.53744759
    35     2    0.91632088  126.45376848
    35     3    0.91632088  127.37008936
    35     4    0.91632088  128.28641024
    36     1    0.92497375  129.21138399
    36     2    0.92497376  130.13635775
    36     3    0.92497374  131.06133150
    36     4    0.92497377  131.98630527
    37     1    0.92494374  132.91124900
    37     2    0.92494376  133.83619277
    37     3    0.92494374  134.76113650
    37     4    0.92494379  135.68608029
    38     1    0.91589689  136.60197718
    38     2    0.91589686  137.51787404
    38     3    0.91589691  138.43377095
    38     4    0.91589689  139.34966784
    39     1    0.90732191  140.25698975
    39     2    0.90732180  141.16431154
    39     3    0.90732193  142.07163347
    39     4    0.90732188  142.97895535
    40     1    0.90696995  143.88592530
    40     2    0.90696972  144.79289502
    40     3    0.90696993  145.69986494
    40     4    0.90696987  146.60683481
    41     1    0.91605054  147.52288536
    41     2    0.91605080  148.43893616
    41     3    0.91605054  149.35498669
    41     4    0.91605085  150.27103754
    42     1    0.92743342  151.19847096
    42     2    0.92743392  152.12590488
    42     3    0.92743311  153.05333799
    42     4    0.92743436  153.98077236
    43     1    0.92791258  154.90868494
    43     2    0.92791201  155.83659694
    43     3    0.92791229  156.76450923
    43     4    0.92791236  157.69242159
    44     1    0.91594756  158.60836916
    44     2    0.91594608  159.52431523
    44     3    0.91594761  160.44026285
    44     4    0.91594673  161.35620958
    45     1    0.90432637  162.26053595
    45     2    0.90432627  163.16486221
    45     3    0.90432617  164.06918838
    45     4    0.90432625  164.97351463
    46     1    0.89984690  165.87336153
    46     2    0.89984695  166.77320848
    46     3    0.89984688  167.67305536
    46     4    0.89984695  168.57290231
    47     1    0.90892078  169.48182309
    47     2    0.90892068  170.39074378
    47     3    0.90892065  171.29966443
    47     4    0.90892076  172.20858520
    48     1    0.94785372  173.15643892
    48     2    0.94785369  174.10429261
    48     3    0.94785356  175.05214617
    48     4    0.94785383  176.00000000
 
