Nx=  24 Ny= 6 t= 0.000 J= 0.000 N_up=132 N_down=  0 M1= 1200 M2= 6000
     1     1    0.94234804    0.94234804
     1     2    0.94239260    1.88474064
     1     3    0.94242311    2.82716376
     1     4    0.94241462    3.76957838
     1     5    0.94237344    4.71195181
     1     6    0.94233096    5.65428277
     2     1    0.90583200    6.56011477
     2     2    0.90594009    7.46605486
     2     3    0.90597723    8.37203209
     2     4    0.90591399    9.27794609
     2     5    0.90585082   10.18379691
     2     6    0.90577494   11.08957185
     3     1    0.90461204   11.99418389
     3     2    0.90464303   12.89882692
     3     3    0.90466156   13.80348848
     3     4    0.90466443   14.70815291
     3     5    0.90464980   15.61280272
     3     6    0.90464445   16.51744716
     4     1    0.92301788   17.44046504
     4     2    0.92300167   18.36346671
     4     3    0.92302835   19.28649507
     4     4    0.92310275   20.20959782
     4     5    0.92314408   21.13274190
     4     6    0.92311178   22.05585368
     5     1    0.92553993   22.98139361
     5     2    0.92563187   23.90702548
     5     3    0.92564600   24.83267148
     5     4    0.92559221   25.75826370
     5     5    0.92550591   26.68376961
     5     6    0.92546690   27.60923651
     6     1    0.90917497   28.51841148
     6     2    0.90929322   29.42770470
     6     3    0.90934601   30.33705071
     6     4    0.90927898   31.24632969
     6     5    0.90914081   32.15547050
     6     6    0.90906786   33.06453836
     7     1    0.90622245   33.97076081
     7     2    0.90628260   34.87704342
     7     3    0.90639814   35.78344156
     7     4    0.90643576   36.68987732
     7     5    0.90635673   37.59623405
     7     6    0.90625846   38.50249251
     8     1    0.91982285   39.42231536
     8     2    0.91986756   40.34218293
     8     3    0.91998640   41.26216933
     8     4    0.92006079   42.18223012
     8     5    0.92002254   43.10225266
     8     6    0.91990733   44.02215999
     9     1    0.92141550   44.94357549
     9     2    0.92152764   45.86510314
     9     3    0.92158208   46.78668522
     9     4    0.92154107   47.70822629
     9     5    0.92143978   48.62966607
     9     6    0.92136137   49.55102743
    10     1    0.90860950   50.45963694
    10     2    0.90872691   51.36836385
    10     3    0.90878791   52.27715176
    10     4    0.90873304   53.18588480
    10     5    0.90860433   54.09448913
    10     6    0.90852312   55.00301226
    11     1    0.90840008   55.91141234
    11     2    0.90844984   56.81986217
    11     3    0.90856442   57.72842659
    11     4    0.90860510   58.63703169
    11     5    0.90853901   59.54557070
    11     6    0.90844277   60.45401347
    12     1    0.92109603   61.37510950
    12     2    0.92116338   62.29627288
    12     3    0.92127945   63.21755233
    12     4    0.92132493   64.13887726
    12     5    0.92127018   65.06014745
    12     6    0.92115253   65.98129998
    13     1    0.92046310   66.90176308
    13     2    0.92057752   67.82234061
    13     3    0.92063847   68.74297908
    13     4    0.92059718   69.66357625
    13     5    0.92049374   70.58407000
    13     6    0.92041724   71.50448724
    14     1    0.90787242   72.41235965
    14     2    0.90800151   73.32036116
    14     3    0.90809466   74.22845582
    14     4    0.90807361   75.13652943
    14     5    0.90794189   76.04447132
    14     6    0.90784577   76.95231710
    15     1    0.90965130   77.86196840
    15     2    0.90970954   78.77167794
    15     3    0.90981662   79.68149457
    15     4    0.90985480   80.59134937
    15     5    0.90981053   81.50115990
    15     6    0.90972368   82.41088358
    16     1    0.92250895   83.33339252
    16     2    0.92254961   84.25594213
    16     3    0.92262813   85.17857027
    16     4    0.92266707   86.10123734
    16     5    0.92264612   87.02388345
    16     6    0.92256713   87.94645058
    17     1    0.91976139   88.86621197
    17     2    0.91988065   89.78609262
    17     3    0.91993723   90.70602985
    17     4    0.91989514   91.62592499
    17     5    0.91977376   92.54569875
    17     6    0.91969754   93.46539630
    18     1    0.90636668   94.37176298
    18     2    0.90648371   95.27824669
    18     3    0.90661506   96.18486175
    18     4    0.90662213   97.09148388
    18     5    0.90646957   97.99795345
    18     6    0.90634867   98.90430212
    19     1    0.91047303   99.81477515
    19     2    0.91050439  100.72527954
    19     3    0.91066309  101.63594263
    19     4    0.91072984  102.54667247
    19     5    0.91069887  103.45737134
    19     6    0.91061346  104.36798480
    20     1    0.92671521  105.29470000
    20     2    0.92669695  106.22139695
    20     3    0.92674743  107.14814438
    20     4    0.92680033  108.07494471
    20     5    0.92685439  109.00179910
    20     6    0.92680192  109.92860102
    21     1    0.92340798  110.85200900
    21     2    0.92345284  111.77546183
    21     3    0.92341255  112.69887439
    21     4    0.92334410  113.62221849
    21     5    0.92331262  114.54553111
    21     6    0.92331622  115.46884733
    22     1    0.90509133  116.37393866
    22     2    0.90511883  117.27905749
    22     3    0.90514778  118.18420527
    22     4    0.90519332  119.08939860
    22     5    0.90516102  119.99455962
    22     6    0.90507112  120.89963073
    23     1    0.90677558  121.80640632
    23     2    0.90683761  122.71324393
    23     3    0.90692511  123.62016904
    23     4    0.90695660  124.52712564
    23     5    0.90695688  125.43408252
    23     6    0.90686075  126.34094327
    24     1    0.94313626  127.28407953
    24     2    0.94314684  128.22722637
    24     3    0.94320571  129.17043208
    24     4    0.94322872  130.11366080
    24     5    0.94319319  131.05685399
    24     6    0.94314601  132.00000000
 
Nx=  24 Ny= 6 t= 0.000 J= 0.000 N_up=132 N_down=  0 M1= 3200 M2= 8000
     1     1    0.94313418    0.94313418
     1     2    0.94315900    1.88629318
     1     3    0.94317289    2.82946607
     1     4    0.94316549    3.77263155
     1     5    0.94314724    4.71577879
     1     6    0.94313178    5.65891057
     2     1    0.90696682    6.56587739
     2     2    0.90701692    7.47289431
     2     3    0.90702636    8.37992067
     2     4    0.90699989    9.28692056
     2     5    0.90696533   10.19388589
     2     6    0.90694690   11.10083278
     3     1    0.90521102   12.00604380
     3     2    0.90523629   12.91128009
     3     3    0.90523895   13.81651904
     3     4    0.90523845   14.72175749
     3     5    0.90522964   15.62698713
     3     6    0.90522353   16.53221066
     4     1    0.92289690   17.45510756
     4     2    0.92291201   18.37801956
     4     3    0.92292046   19.30094003
     4     4    0.92293759   20.22387762
     4     5    0.92294010   21.14681772
     4     6    0.92291932   22.06973704
     5     1    0.92590307   22.99564011
     5     2    0.92594745   23.92158756
     5     3    0.92595009   24.84753764
     5     4    0.92592095   25.77345859
     5     5    0.92588085   26.69933944
     5     6    0.92586553   27.62520498
     6     1    0.91041627   28.53562125
     6     2    0.91046703   29.44608828
     6     3    0.91048480   30.35657308
     6     4    0.91045067   31.26702376
     6     5    0.91039422   32.17741798
     6     6    0.91037068   33.08778865
     7     1    0.90665789   33.99444655
     7     2    0.90669252   34.90113907
     7     3    0.90674152   35.80788059
     7     4    0.90675561   36.71463620
     7     5    0.90672292   37.62135912
     7     6    0.90667190   38.52803103
     8     1    0.91903430   39.44706533
     8     2    0.91906901   40.36613435
     8     3    0.91911901   41.28525336
     8     4    0.91914075   42.20439411
     8     5    0.91911466   43.12350877
     8     6    0.91905749   44.04256626
     9     1    0.92118558   44.96375184
     9     2    0.92123923   45.88499108
     9     3    0.92126617   46.80625725
     9     4    0.92124628   47.72750353
     9     5    0.92119771   48.64870124
     9     6    0.92115751   49.56985875
    10     1    0.90950042   50.47935918
    10     2    0.90955479   51.38891397
    10     3    0.90958501   52.29849897
    10     4    0.90956214   53.20806111
    10     5    0.90950740   54.11756852
    10     6    0.90946734   55.02703586
    11     1    0.90852577   55.93556163
    11     2    0.90856144   56.84412308
    11     3    0.90861537   57.75273845
    11     4    0.90863370   58.66137215
    11     5    0.90860066   59.56997281
    11     6    0.90854249   60.47851530
    12     1    0.91997118   61.39848648
    12     2    0.92001755   62.31850402
    12     3    0.92006744   63.23857146
    12     4    0.92008649   64.15865795
    12     5    0.92005541   65.07871336
    12     6    0.91999263   65.99870599
    13     1    0.91995271   66.91865870
    13     2    0.92001493   67.83867363
    13     3    0.92004735   68.75872098
    13     4    0.92003055   69.67875153
    13     5    0.91998245   70.59873398
    13     6    0.91993553   71.51866951
    14     1    0.90850929   72.42717881
    14     2    0.90856788   73.33574668
    14     3    0.90860186   74.24434854
    14     4    0.90858457   75.15293311
    14     5    0.90853133   76.06146444
    14     6    0.90849684   76.96996128
    15     1    0.90952489   77.87948617
    15     2    0.90956529   78.78905145
    15     3    0.90962082   79.69867227
    15     4    0.90964473   80.60831700
    15     5    0.90961509   81.51793209
    15     6    0.90956153   82.42749362
    16     1    0.92121700   83.34871063
    16     2    0.92125744   84.26996807
    16     3    0.92130704   85.19127511
    16     4    0.92132801   86.11260312
    16     5    0.92130161   87.03390473
    16     6    0.92124859   87.95515333
    17     1    0.91904863   88.87420196
    17     2    0.91910620   89.79330816
    17     3    0.91913325   90.71244141
    17     4    0.91911244   91.63155384
    17     5    0.91906310   92.55061694
    17     6    0.91902850   93.46964544
    18     1    0.90668576   94.37633120
    18     2    0.90673692   95.28306812
    18     3    0.90677057   96.18983869
    18     4    0.90675721   97.09659591
    18     5    0.90670852   98.00330442
    18     6    0.90667381   98.90997823
    19     1    0.91046367   99.82044190
    19     2    0.91048697  100.73092887
    19     3    0.91054388  101.64147275
    19     4    0.91057838  102.55205113
    19     5    0.91056124  103.46261238
    19     6    0.91051122  104.37312359
    20     1    0.92594634  105.29906994
    20     2    0.92596146  106.22503140
    20     3    0.92600174  107.15103315
    20     4    0.92603104  108.07706418
    20     5    0.92602945  109.00309363
    20     6    0.92598566  109.92907929
    21     1    0.92294242  110.85202172
    21     2    0.92296295  111.77498467
    21     3    0.92296064  112.69794531
    21     4    0.92294445  113.62088975
    21     5    0.92293677  114.54382652
    21     6    0.92292160  115.46674812
    22     1    0.90526095  116.37200907
    22     2    0.90526638  117.27727545
    22     3    0.90527658  118.18255202
    22     4    0.90527777  119.08782980
    22     5    0.90527532  119.99310512
    22     6    0.90524988  120.89835501
    23     1    0.90702197  121.80537698
    23     2    0.90704084  122.71241781
    23     3    0.90707912  123.61949693
    23     4    0.90709772  124.52659465
    23     5    0.90709201  125.43368666
    23     6    0.90704473  126.34073138
    24     1    0.94319448  127.28392587
    24     2    0.94320607  128.22713193
    24     3    0.94322593  129.17035787
    24     4    0.94323099  130.11358886
    24     5    0.94321796  131.05680682
    24     6    0.94319318  132.00000000
 
Nx=  24 Ny= 6 t= 0.000 J= 0.000 N_up=132 N_down=  0 M1= 3200 M2= ****
     1     1    0.94324311    0.94324311
     1     2    0.94325889    1.88650200
     1     3    0.94326738    2.82976937
     1     4    0.94326400    3.77303337
     1     5    0.94325139    4.71628476
     1     6    0.94324282    5.65952758
     2     1    0.90718026    6.56670785
     2     2    0.90721444    7.47392228
     2     3    0.90721931    8.38114160
     2     4    0.90720370    9.28834530
     2     5    0.90717849   10.19552379
     2     6    0.90716907   11.10269286
     3     1    0.90537142   12.00806427
     3     2    0.90539043   12.91345470
     3     3    0.90539136   13.81884606
     3     4    0.90538959   14.72423565
     3     5    0.90538242   15.62961806
     3     6    0.90537893   16.53499700
     4     1    0.92272751   17.45772451
     4     2    0.92274138   18.38046588
     4     3    0.92274649   19.30321237
     4     4    0.92275578   20.22596815
     4     5    0.92275543   21.14872358
     4     6    0.92274072   22.07146431
     5     1    0.92573863   22.99720293
     5     2    0.92577023   23.92297316
     5     3    0.92577007   24.84874323
     5     4    0.92574906   25.77449229
     5     5    0.92572226   26.70021455
     5     6    0.92571219   27.62592674
     6     1    0.91072009   28.53664683
     6     2    0.91075470   29.44740152
     6     3    0.91076425   30.35816578
     6     4    0.91074032   31.26890610
     6     5    0.91070419   32.17961029
     6     6    0.91068809   33.09029838
     7     1    0.90693586   33.99723423
     7     2    0.90696055   34.90419478
     7     3    0.90699051   35.81118529
     7     4    0.90699901   36.71818430
     7     5    0.90697751   37.62516181
     7     6    0.90694171   38.53210352
     8     1    0.91871655   39.45082007
     8     2    0.91874171   40.36956178
     8     3    0.91877393   41.28833571
     8     4    0.91878704   42.20712275
     8     5    0.91876866   43.12589141
     8     6    0.91872814   44.04461955
     9     1    0.92086322   44.96548277
     9     2    0.92090011   45.88638288
     9     3    0.92091812   46.80730100
     9     4    0.92090432   47.72820532
     9     5    0.92087111   48.64907642
     9     6    0.92084227   49.56991870
    10     1    0.90982354   50.47974224
    10     2    0.90986126   51.38960350
    10     3    0.90988074   52.29948424
    10     4    0.90986559   53.20934983
    10     5    0.90983048   54.11918031
    10     6    0.90980007   55.02898038
    11     1    0.90883406   55.93781444
    11     2    0.90885999   56.84667443
    11     3    0.90889461   57.75556904
    11     4    0.90890560   58.66447464
    11     5    0.90888744   59.57336207
    11     6    0.90884345   60.48220552
    12     1    0.91960382   61.40180934
    12     2    0.91963736   62.32144670
    12     3    0.91966996   63.24111666
    12     4    0.91968141   64.16079807
    12     5    0.91966045   65.08045852
    12     6    0.91961669   66.00007521
    13     1    0.91961785   66.91969306
    13     2    0.91966205   67.83935510
    13     3    0.91968454   68.75903964
    13     4    0.91967411   69.67871375
    13     5    0.91963459   70.59834834
    13     6    0.91960658   71.51795492
    14     1    0.90883655   72.42679147
    14     2    0.90887825   73.33566972
    14     3    0.90890075   74.24457047
    14     4    0.90889004   75.15346052
    14     5    0.90885584   76.06231636
    14     6    0.90883005   76.97114641
    15     1    0.90979112   77.88093752
    15     2    0.90982142   78.79075894
    15     3    0.90985684   79.70061578
    15     4    0.90987224   80.61048801
    15     5    0.90985283   81.52034084
    15     6    0.90981513   82.43015597
    16     1    0.92083529   83.35099126
    16     2    0.92086431   84.27185557
    16     3    0.92089777   85.19275335
    16     4    0.92091158   86.11366493
    16     5    0.92089336   87.03455828
    16     6    0.92085636   87.95541464
    17     1    0.91872497   88.87413962
    17     2    0.91876558   89.79290520
    17     3    0.91878405   90.71168925
    17     4    0.91877097   91.63046022
    17     5    0.91873869   92.54919890
    17     6    0.91871356   93.46791246
    18     1    0.90693922   94.37485168
    18     2    0.90697504   95.28182673
    18     3    0.90699661   96.18882333
    18     4    0.90698814   97.09581147
    18     5    0.90695819   98.00276966
    18     6    0.90693357   98.90970323
    19     1    0.91068616   99.82038939
    19     2    0.91070227  100.73109166
    19     3    0.91073839  101.64183005
    19     4    0.91076236  102.55259241
    19     5    0.91075277  103.46334518
    19     6    0.91071821  104.37406338
    20     1    0.92571136  105.29977474
    20     2    0.92572145  106.22549619
    20     3    0.92574833  107.15124453
    20     4    0.92576939  108.07701392
    20     5    0.92576951  109.00278343
    20     6    0.92573796  109.92852138
    21     1    0.92274044  110.85126182
    21     2    0.92275513  111.77401695
    21     3    0.92275553  112.69677248
    21     4    0.92274628  113.61951875
    21     5    0.92274118  114.54225993
    21     6    0.92272731  115.46498725
    22     1    0.90537921  116.37036645
    22     2    0.90538262  117.27574907
    22     3    0.90538991  118.18113898
    22     4    0.90539169  119.08653067
    22     5    0.90539077  119.99192145
    22     6    0.90537179  120.89729323
    23     1    0.90717023  121.80446346
    23     2    0.90717962  122.71164308
    23     3    0.90720526  123.61884833
    23     4    0.90722013  124.52606846
    23     5    0.90721562  125.43328408
    23     6    0.90718165  126.34046573
    24     1    0.94324421  127.28370994
    24     2    0.94325235  128.22696229
    24     3    0.94326522  129.17022752
    24     4    0.94326840  130.11349592
    24     5    0.94325997  131.05675588
    24     6    0.94324412  132.00000000
 
 Nx=          24 Ny=           6 t=  0.000000000000000E+000 J=
  0.000000000000000E+000 N_up=         132 N_down=           0 M1=        3600 
 M2=       12000
     1     1    0.94329609    0.94329609
     1     2    0.94330663    1.88660272
     1     3    0.94331233    2.82991504
     1     4    0.94331016    3.77322521
     1     5    0.94330129    4.71652650
     1     6    0.94329582    5.65982232
     2     1    0.90729674    6.56711906
     2     2    0.90732142    7.47444048
     2     3    0.90732410    8.38176459
     2     4    0.90731321    9.28907779
     2     5    0.90729557   10.19637336
     2     6    0.90728955   11.10366291
     3     1    0.90546267   12.00912558
     3     2    0.90547743   12.91460301
     3     3    0.90547804   13.82008104
     3     4    0.90547603   14.72555708
     3     5    0.90547016   15.63102723
     3     6    0.90546769   16.53649492
     4     1    0.92260027   17.45909519
     4     2    0.92261262   18.38170781
     4     3    0.92261582   19.30432363
     4     4    0.92262127   20.22694490
     4     5    0.92261966   21.14956456
     4     6    0.92260894   22.07217351
     5     1    0.92559421   22.99776771
     5     2    0.92561822   23.92338594
     5     3    0.92561716   24.84900310
     5     4    0.92560105   25.77460415
     5     5    0.92558163   26.70018578
     5     6    0.92557481   27.62576059
     6     1    0.91088456   28.53664514
     6     2    0.91091050   29.44755565
     6     3    0.91091560   30.35847125
     6     4    0.91089796   31.26936921
     6     5    0.91087284   32.18024205
     6     6    0.91086115   33.09110320
     7     1    0.90710898   33.99821218
     7     2    0.90712759   34.90533977
     7     3    0.90714853   35.81248831
     7     4    0.90715400   36.71964231
     7     5    0.90713896   37.62678126
     7     6    0.90711230   38.53389357
     8     1    0.91849576   39.45238933
     8     2    0.91851524   40.37090457
     8     3    0.91853801   41.28944259
     8     4    0.91854671   42.20798930
     8     5    0.91853315   43.12652245
     8     6    0.91850287   44.04502531
     9     1    0.92060939   44.96563470
     9     2    0.92063750   45.88627220
     9     3    0.92065034   46.80692254
     9     4    0.92064037   47.72756291
     9     5    0.92061704   48.64817995
     9     6    0.92059451   49.56877446
    10     1    0.91000233   50.47877679
    10     2    0.91003082   51.38880761
    10     3    0.91004475   52.29885237
    10     4    0.91003402   53.20888639
    10     5    0.91000875   54.11889514
    10     6    0.90998554   55.02888068
    11     1    0.90904045   55.93792112
    11     2    0.90906095   56.84698208
    11     3    0.90908536   57.75606744
    11     4    0.90909301   58.66516045
    11     5    0.90907671   59.57423716
    11     6    0.90904470   60.48328186
    12     1    0.91936627   61.40264813
    12     2    0.91938657   62.32203471
    12     3    0.91941128   63.24144599
    12     4    0.91942001   64.16086599
    12     5    0.91940470   65.08027070
    12     6    0.91937206   65.99964275
    13     1    0.91937124   66.91901399
    13     2    0.91939974   67.83841373
    13     3    0.91941549   68.75782922
    13     4    0.91940674   69.67723595
    13     5    0.91938244   70.59661839
    13     6    0.91935725   71.51597564
    14     1    0.90904852   72.42502416
    14     2    0.90907622   73.33410038
    14     3    0.90909270   74.24319309
    14     4    0.90908469   75.15227777
    14     5    0.90906047   76.06133825
    14     6    0.90903478   76.97037302
    15     1    0.91000523   77.88037825
    15     2    0.91002349   78.79040175
    15     3    0.91004900   79.70045075
    15     4    0.91005943   80.61051018
    15     5    0.91004573   81.52055590
    15     6    0.91001271   82.43056861
    16     1    0.92061549   83.35118410
    16     2    0.92063337   84.27181748
    16     3    0.92065708   85.19247456
    16     4    0.92066701   86.11314157
    16     5    0.92065466   87.03379623
    16     6    0.92062226   87.95441849
    17     1    0.91851571   88.87293420
    17     2    0.91854237   89.79147657
    17     3    0.91855631   90.71003288
    17     4    0.91854755   91.62858043
    17     5    0.91852520   92.54710562
    17     6    0.91850064   93.46560626
    18     1    0.90712923   94.37273549
    18     2    0.90715335   95.27988885
    18     3    0.90716826   96.18705711
    18     4    0.90716518   97.09422229
    18     5    0.90714370   98.00136599
    18     6    0.90711898   98.90848497
    19     1    0.91088462   99.81936958
    19     2    0.91089670  100.73026628
    19     3    0.91092064  101.64118692
    19     4    0.91093808  102.55212501
    19     5    0.91093436  103.46305937
    19     6    0.91090324  104.37396261
    20     1    0.92559362  105.29955623
    20     2    0.92560112  106.22515735
    20     3    0.92562051  107.15077786
    20     4    0.92563356  108.07641143
    20     5    0.92563562  109.00204704
    20     6    0.92561159  109.92765863
    21     1    0.92261543  110.85027406
    21     2    0.92262601  111.77290007
    21     3    0.92262771  112.69552778
    21     4    0.92262239  113.61815017
    21     5    0.92261937  114.54076954
    21     6    0.92260700  115.46337654
    22     1    0.90547391  116.36885044
    22     2    0.90547633  117.27432677
    22     3    0.90548224  118.17980901
    22     4    0.90548429  119.08529330
    22     5    0.90548373  119.99077703
    22     6    0.90546896  120.89624599
    23     1    0.90729845  121.80354443
    23     2    0.90730442  122.71084885
    23     3    0.90732209  123.61817095
    23     4    0.90733293  124.52550388
    23     5    0.90733033  125.43283421
    23     6    0.90730567  126.34013988
    24     1    0.94330217  127.28344206
    24     2    0.94330757  128.22674962
    24     3    0.94331645  129.17006607
    24     4    0.94331860  130.11338467
    24     5    0.94331293  131.05669760
    24     6    0.94330240  132.00000000
 
 Nx=          36 Ny=           6 t=  0.000000000000000E+000 J=
  0.000000000000000E+000 N_up=         198 N_down=           0 M1=        3600 
 M2=       12000
     1     1    0.94389517    0.94389517
     1     2    0.94390615    1.88780132
     1     3    0.94391161    2.83171293
     1     4    0.94390947    3.77562240
     1     5    0.94390058    4.71952298
     1     6    0.94389487    5.66341784
     2     1    0.90807076    6.57148861
     2     2    0.90809459    7.47958320
     2     3    0.90809751    8.38768071
     2     4    0.90808697    9.29576769
     2     5    0.90806980   10.20383748
     2     6    0.90806395   11.11190143
     3     1    0.90587785   12.01777928
     3     2    0.90589248   12.92367176
     3     3    0.90589326   13.82956501
     3     4    0.90589135   14.73545637
     3     5    0.90588561   15.64134198
     3     6    0.90588324   16.54722523
     4     1    0.92286824   17.47009347
     4     2    0.92287955   18.39297302
     4     3    0.92288336   19.31585638
     4     4    0.92288963   20.23874601
     4     5    0.92288882   21.16163483
     4     6    0.92287829   22.08451312
     5     1    0.92653864   23.01105177
     5     2    0.92656134   23.93761311
     5     3    0.92656110   24.86417421
     5     4    0.92654694   25.79072115
     5     5    0.92652940   26.71725055
     5     6    0.92652245   27.64377299
     6     1    0.91211374   28.55588673
     6     2    0.91213947   29.46802620
     6     3    0.91214458   30.38017077
     6     4    0.91212747   31.29229824
     6     5    0.91210352   32.20440176
     6     6    0.91209224   33.11649401
     7     1    0.90750540   34.02399940
     7     2    0.90752446   34.93152386
     7     3    0.90754490   35.83906876
     7     4    0.90754963   36.74661839
     7     5    0.90753471   37.65415310
     7     6    0.90750922   38.56166232
     8     1    0.91856509   39.48022741
     8     2    0.91858379   40.39881121
     8     3    0.91860715   41.31741836
     8     4    0.91861667   42.23603503
     8     5    0.91860388   43.15463891
     8     6    0.91857422   44.07321312
     9     1    0.92173228   44.99494540
     9     2    0.92175905   45.91670446
     9     3    0.92177296   46.83847742
     9     4    0.92176523   47.76024265
     9     5    0.92174362   48.68198627
     9     6    0.92172119   49.60370746
    10     1    0.91153265   50.51524011
    10     2    0.91156142   51.42680153
    10     3    0.91157526   52.33837679
    10     4    0.91156474   53.24994152
    10     5    0.91154015   54.16148168
    10     6    0.91151741   55.07299908
    11     1    0.90927616   55.98227525
    11     2    0.90929803   56.89157327
    11     3    0.90932173   57.80089500
    11     4    0.90932764   58.71022264
    11     5    0.90931047   59.61953311
    11     6    0.90927968   60.52881280
    12     1    0.91906690   61.44787970
    12     2    0.91908752   62.36696721
    12     3    0.91911310   63.28608032
    12     4    0.91912225   64.20520256
    12     5    0.91910663   65.12430919
    12     6    0.91907439   66.04338358
    13     1    0.92065005   66.96403363
    13     2    0.92067776   67.88471139
    13     3    0.92069537   68.80540676
    13     4    0.92068910   69.72609586
    13     5    0.92066590   70.64676176
    13     6    0.92064027   71.56740203
    14     1    0.91106840   72.47847042
    14     2    0.91109745   73.38956787
    14     3    0.91111432   74.30068220
    14     4    0.91110617   75.21178837
    14     5    0.91108161   76.12286997
    14     6    0.91105579   77.03392577
    15     1    0.91008190   77.94400766
    15     2    0.91010415   78.85411181
    15     3    0.91012899   79.76424080
    15     4    0.91013563   80.67437643
    15     5    0.91011822   81.58449465
    15     6    0.91008582   82.49458048
    16     1    0.91955968   83.41414015
    16     2    0.91958090   84.33372105
    16     3    0.91960690   85.25332795
    16     4    0.91961544   86.17294338
    16     5    0.91959893   87.09254231
    16     6    0.91956620   88.01210851
    17     1    0.92000826   88.93211677
    17     2    0.92003647   89.85215324
    17     3    0.92005512   90.77220836
    17     4    0.92004906   91.69225742
    17     5    0.92002523   92.61228265
    17     6    0.91999840   93.53228105
    18     1    0.91058703   94.44286808
    18     2    0.91061621   95.35348429
    18     3    0.91063451   96.26411880
    18     4    0.91062744   97.17474624
    18     5    0.91060308   98.08534932
    18     6    0.91057574   98.99592505
    19     1    0.91068254   99.90660760
    19     2    0.91070446  100.81731206
    19     3    0.91072987  101.72804193
    19     4    0.91073707  102.63877900
    19     5    0.91071991  103.54949890
    19     6    0.91068684  104.46018574
    20     1    0.92011359  105.38029933
    20     2    0.92013481  106.30043414
    20     3    0.92016059  107.22059473
    20     4    0.92016801  108.14076274
    20     5    0.92015104  109.06091378
    20     6    0.92011818  109.98103196
    21     1    0.91949776  110.90052972
    21     2    0.91952815  111.82005787
    21     3    0.91954655  112.73960443
    21     4    0.91953988  113.65914430
    21     5    0.91951457  114.57865887
    21     6    0.91948692  115.49814580
    22     1    0.91003186  116.40817765
    22     2    0.91006452  117.31824218
    22     3    0.91008212  118.22832429
    22     4    0.91007628  119.13840057
    22     5    0.91005290  120.04845347
    22     6    0.91002555  120.95847902
    23     1    0.91119995  121.86967897
    23     2    0.91122600  122.78090498
    23     3    0.91124974  123.69215471
    23     4    0.91125663  124.60341135
    23     5    0.91124055  125.51465190
    23     6    0.91121187  126.42586377
    24     1    0.92077455  127.34663832
    24     2    0.92079953  128.26743785
    24     3    0.92082185  129.18825970
    24     4    0.92082750  130.10908720
    24     5    0.92080988  131.02989708
    24     6    0.92078488  131.95068196
    25     1    0.91903509  132.86971705
    25     2    0.91906681  133.78878386
    25     3    0.91908261  134.70786647
    25     4    0.91907406  135.62694053
    25     5    0.91904878  136.54598931
    25     6    0.91902938  137.46501869
    26     1    0.90926966  138.37428836
    26     2    0.90930028  139.28358864
    26     3    0.90931738  140.19290601
    26     4    0.90931157  141.10221758
    26     5    0.90928822  142.01150580
    26     6    0.90926705  142.92077286
    27     1    0.91168399  143.83245684
    27     2    0.91170651  144.74416335
    27     3    0.91173050  145.65589385
    27     4    0.91174064  146.56763449
    27     5    0.91172701  147.47936151
    27     6    0.91169933  148.39106084
    28     1    0.92186838  149.31292922
    28     2    0.92189052  150.23481974
    28     3    0.92191188  151.15673162
    28     4    0.92191954  152.07865116
    28     5    0.92190582  153.00055697
    28     6    0.92188015  153.92243712
    29     1    0.91858052  154.84101765
    29     2    0.91861010  155.75962774
    29     3    0.91862297  156.67825071
    29     4    0.91861367  157.59686438
    29     5    0.91859050  158.51545489
    29     6    0.91857219  159.43402708
    30     1    0.90755568  160.34158276
    30     2    0.90758096  161.24916372
    30     3    0.90759582  162.15675953
    30     4    0.90759125  163.06435078
    30     5    0.90757106  163.97192184
    30     6    0.90755238  164.87947422
    31     1    0.91227273  165.79174695
    31     2    0.91228375  166.70403070
    31     3    0.91230755  167.61633825
    31     4    0.91232447  168.52866272
    31     5    0.91231946  169.44098219
    31     6    0.91229425  170.35327644
    32     1    0.92667071  171.27994715
    32     2    0.92667763  172.20662478
    32     3    0.92669502  173.13331980
    32     4    0.92670899  174.06002879
    32     5    0.92670916  174.98673796
    32     6    0.92668702  175.91342498
    33     1    0.92292190  176.83634688
    33     2    0.92293248  177.75927936
    33     3    0.92293331  178.68221267
    33     4    0.92292713  179.60513980
    33     5    0.92292335  180.52806315
    33     6    0.92291218  181.45097533
    34     1    0.90595098  182.35692631
    34     2    0.90595329  183.26287959
    34     3    0.90595897  184.16883856
    34     4    0.90596085  185.07479941
    34     5    0.90596013  185.98075954
    34     6    0.90594576  186.88670530
    35     1    0.90819437  187.79489967
    35     2    0.90820013  188.70309981
    35     3    0.90821713  189.61131694
    35     4    0.90822750  190.51954444
    35     5    0.90822467  191.42776910
    35     6    0.90820113  192.33597023
    36     1    0.94399698  193.27996721
    36     2    0.94400261  194.22396982
    36     3    0.94401139  195.16798121
    36     4    0.94401351  196.11199471
    36     5    0.94400808  197.05600280
    36     6    0.94399720  198.00000000
 
 Nx=          48 Ny=           6 t=  0.000000000000000E+000 J=
  0.000000000000000E+000 N_up=         264 N_down=           0 M1=        3600 
 M2=       12000
     1     1    0.94415233    0.94415233
     1     2    0.94416260    1.88831493
     1     3    0.94416806    2.83248299
     1     4    0.94416600    3.77664899
     1     5    0.94415747    4.72080646
     1     6    0.94415217    5.66495863
     2     1    0.90840550    6.57336413
     2     2    0.90842957    7.48179370
     2     3    0.90843210    8.39022580
     2     4    0.90842158    9.29864738
     2     5    0.90840441   10.20705178
     2     6    0.90839846   11.11545024
     3     1    0.90606026   12.02151051
     3     2    0.90607493   12.92758544
     3     3    0.90607533   13.83366077
     3     4    0.90607310   14.73973387
     3     5    0.90606719   15.64580106
     3     6    0.90606485   16.55186591
     4     1    0.92299628   17.47486219
     4     2    0.92300784   18.39787003
     4     3    0.92301086   19.32088089
     4     4    0.92301705   20.24389794
     4     5    0.92301642   21.16691436
     4     6    0.92300584   22.08992021
     5     1    0.92697359   23.01689380
     5     2    0.92699660   23.94389040
     5     3    0.92699544   24.87088584
     5     4    0.92698143   25.79786727
     5     5    0.92696426   26.72483153
     5     6    0.92695708   27.65178861
     6     1    0.91267203   28.56446063
     6     2    0.91269829   29.47715892
     6     3    0.91270230   30.38986123
     6     4    0.91268460   31.30254582
     6     5    0.91266054   32.21520636
     6     6    0.91264929   33.12785565
     7     1    0.90769750   34.03555315
     7     2    0.90771725   34.94327040
     7     3    0.90773634   35.85100674
     7     4    0.90774002   36.75874676
     7     5    0.90772464   37.66647140
     7     6    0.90769930   38.57417070
     8     1    0.91864438   39.49281507
     8     2    0.91866411   40.41147919
     8     3    0.91868616   41.33016535
     8     4    0.91869526   42.24886060
     8     5    0.91868263   43.16754323
     8     6    0.91865267   44.08619590
     9     1    0.92230333   45.00849923
     9     2    0.92233206   45.93083129
     9     3    0.92234469   46.85317599
     9     4    0.92233668   47.77551267
     9     5    0.92231502   48.69782768
     9     6    0.92229162   49.62011930
    10     1    0.91223993   50.53235924
    10     2    0.91227189   51.44463113
    10     3    0.91228423   52.35691536
    10     4    0.91227179   53.26918715
    10     5    0.91224573   54.18143288
    10     6    0.91222209   55.09365497
    11     1    0.90938690   56.00304187
    11     2    0.90940972   56.91245159
    11     3    0.90943166   57.82188325
    11     4    0.90943583   58.73131908
    11     5    0.90941838   59.64073745
    11     6    0.90938867   60.55012613
    12     1    0.91903371   61.46915984
    12     2    0.91905496   62.38821480
    12     3    0.91907950   63.30729430
    12     4    0.91908828   64.22638258
    12     5    0.91907301   65.14545559
    12     6    0.91904072   66.06449631
    13     1    0.92132452   66.98582083
    13     2    0.92135280   67.90717362
    13     3    0.92136965   68.82854328
    13     4    0.92136365   69.74990693
    13     5    0.92134097   70.67124789
    13     6    0.92131494   71.59256283
    14     1    0.91189227   72.50445510
    14     2    0.91192171   73.41637681
    14     3    0.91193735   74.32831415
    14     4    0.91192841   75.24024257
    14     5    0.91190404   76.15214661
    14     6    0.91187866   77.06402527
    15     1    0.91008088   77.97410614
    15     2    0.91010357   78.88420971
    15     3    0.91012682   79.79433654
    15     4    0.91013251   80.70446904
    15     5    0.91011534   81.61458439
    15     6    0.91008344   82.52466783
    16     1    0.91940540   83.44407323
    16     2    0.91942663   84.36349986
    16     3    0.91945151   85.28295137
    16     4    0.91946026   86.20241163
    16     5    0.91944484   87.12185647
    16     6    0.91941226   88.04126873
    17     1    0.92079704   88.96206576
    17     2    0.92083116   89.88289692
    17     3    0.92084755   90.80374447
    17     4    0.92084104   91.72458551
    17     5    0.92081755   92.64540306
    17     6    0.92078937   93.56619244
    18     1    0.91153578   94.47772822
    18     2    0.91157040   95.38929862
    18     3    0.91158803   96.30088665
    18     4    0.91158209   97.21246874
    18     5    0.91156000   98.12402874
    18     6    0.91153152   99.03556026
    19     1    0.91054689   99.94610714
    19     2    0.91057476  100.85668191
    19     3    0.91059749  101.76727939
    19     4    0.91060352  102.67788292
    19     5    0.91058586  103.58846878
    19     6    0.91055896  104.49902774
    20     1    0.91977662  105.41880436
    20     2    0.91980268  106.33860704
    20     3    0.91982704  107.25843407
    20     4    0.91983478  108.17826885
    20     5    0.91981758  109.09808643
    20     6    0.91979035  110.01787678
    21     1    0.92038647  110.93826325
    21     2    0.92041893  111.85868218
    21     3    0.92043650  112.77911867
    21     4    0.92043054  113.69954921
    21     5    0.92040638  114.61995559
    21     6    0.92038483  115.54034042
    22     1    0.91117833  116.45151875
    22     2    0.91121169  117.36273044
    22     3    0.91122897  118.27395941
    22     4    0.91122189  119.18518130
    22     5    0.91119758  120.09637888
    22     6    0.91117612  121.00755500
    23     1    0.91096236  121.91851735
    23     2    0.91098998  122.82950733
    23     3    0.91101388  123.74052121
    23     4    0.91102065  124.65154186
    23     5    0.91100319  125.56254506
    23     6    0.91097523  126.47352029
    24     1    0.92017729  127.39369758
    24     2    0.92020441  128.31390199
    24     3    0.92022885  129.23413084
    24     4    0.92023593  130.15436677
    24     5    0.92021813  131.07458490
    24     6    0.92019012  131.99477502
    25     1    0.92003525  132.91481026
    25     2    0.92006819  133.83487846
    25     3    0.92008550  134.75496396
    25     4    0.92007861  135.67504257
    25     5    0.92005350  136.59509607
    25     6    0.92003126  137.51512733
    26     1    0.91083914  138.42596647
    26     2    0.91087224  139.33683872
    26     3    0.91088957  140.24772829
    26     4    0.91088286  141.15861115
    26     5    0.91085829  142.06946944
    26     6    0.91083590  142.98030533
    27     1    0.91136437  143.89166971
    27     2    0.91139150  144.80306121
    27     3    0.91141534  145.71447655
    27     4    0.91142235  146.62589890
    27     5    0.91140460  147.53730351
    27     6    0.91137591  148.44867942
    28     1    0.92056485  149.36924427
    28     2    0.92059181  150.28983608
    28     3    0.92061516  151.21045124
    28     4    0.92062098  152.13107222
    28     5    0.92060270  153.05167492
    28     6    0.92057467  153.97224959
    29     1    0.91967383  154.89192342
    29     2    0.91970689  155.81163031
    29     3    0.91972337  156.73135368
    29     4    0.91971534  157.65106903
    29     5    0.91969016  158.57075919
    29     6    0.91966835  159.49042754
    30     1    0.91047014  160.40089768
    30     2    0.91050274  161.31140042
    30     3    0.91052005  162.22192046
    30     4    0.91051385  163.13243432
    30     5    0.91048974  164.04292406
    30     6    0.91046723  164.95339128
    31     1    0.91173583  165.86512712
    31     2    0.91176235  166.77688947
    31     3    0.91178650  167.68867597
    31     4    0.91179420  168.60047018
    31     5    0.91177713  169.51224731
    31     6    0.91174815  170.42399546
    32     1    0.92096158  171.34495705
    32     2    0.92098844  172.26594548
    32     3    0.92101140  173.18695689
    32     4    0.92101691  174.10797380
    32     5    0.92099878  175.02897258
    32     6    0.92097088  175.94994346
    33     1    0.91931239  176.86925585
    33     2    0.91934525  177.78860110
    33     3    0.91936123  178.70796233
    33     4    0.91935272  179.62731506
    33     5    0.91932766  180.54664272
    33     6    0.91930619  181.46594891
    34     1    0.91003497  182.37598388
    34     2    0.91006676  183.28605064
    34     3    0.91008411  184.19613475
    34     4    0.91007854  185.10621329
    34     5    0.91005502  186.01626831
    34     6    0.91003248  186.92630078
    35     1    0.91209016  187.83839094
    35     2    0.91211553  188.75050647
    35     3    0.91213975  189.66264622
    35     4    0.91214844  190.57479465
    35     5    0.91213261  191.48692726
    35     6    0.91210367  192.39903093
    36     1    0.92148118  193.32051211
    36     2    0.92150708  194.24201919
    36     3    0.92152951  195.16354870
    36     4    0.92153529  196.08508399
    36     5    0.92151819  197.00660219
    36     6    0.92149077  197.92809296
    37     1    0.91897737  198.84707033
    37     2    0.91900971  199.76608004
    37     3    0.91902475  200.68510479
    37     4    0.91901574  201.60412053
    37     5    0.91899091  202.52311143
    37     6    0.91897022  203.44208165
    38     1    0.90938227  204.35146392
    38     2    0.90941251  205.26087643
    38     3    0.90942956  206.17030599
    38     4    0.90942458  207.07973058
    38     5    0.90940225  207.98913283
    38     6    0.90938023  208.89851306
    39     1    0.91243307  209.81094613
    39     2    0.91245544  210.72340158
    39     3    0.91247968  211.63588126
    39     4    0.91249064  212.54837190
    39     5    0.91247768  213.46084958
    39     6    0.91244919  214.37329878
    40     1    0.92245218  215.29575096
    40     2    0.92247479  216.21822575
    40     3    0.92249559  217.14072134
    40     4    0.92250297  218.06322431
    40     5    0.92248971  218.98571402
    40     6    0.92246319  219.90817721
    41     1    0.91863486  220.82681206
    41     2    0.91866454  221.74547660
    41     3    0.91867689  222.66415349
    41     4    0.91866746  223.58282095
    41     5    0.91864510  224.50146606
    41     6    0.91862628  225.42009234
    42     1    0.90775200  226.32784434
    42     2    0.90777700  227.23562133
    42     3    0.90779195  228.14341328
    42     4    0.90778800  229.05120128
    42     5    0.90776888  229.95897016
    42     6    0.90774986  230.86672002
    43     1    0.91288571  231.77960572
    43     2    0.91289685  232.69250257
    43     3    0.91292062  233.60542319
    43     4    0.91293804  234.51836123
    43     5    0.91293369  235.43129492
    43     6    0.91290801  236.34420292
    44     1    0.92714793  237.27135085
    44     2    0.92715522  238.19850607
    44     3    0.92717228  239.12567835
    44     4    0.92718614  240.05286449
    44     5    0.92718687  240.98005137
    44     6    0.92716424  241.90721561
    45     1    0.92305855  242.83027416
    45     2    0.92306923  243.75334339
    45     3    0.92306995  244.67641333
    45     4    0.92306380  245.59947714
    45     5    0.92306051  246.52253765
    45     6    0.92304893  247.44558658
    46     1    0.90615870  248.35174528
    46     2    0.90616098  249.25790626
    46     3    0.90616684  250.16407310
    46     4    0.90616883  251.07024192
    46     5    0.90616854  251.97641047
    46     6    0.90615390  252.88256437
    47     1    0.90858362  253.79114799
    47     2    0.90858953  254.69973752
    47     3    0.90860663  255.60834415
    47     4    0.90861703  256.51696118
    47     5    0.90861444  257.42557563
    47     6    0.90859050  258.33416613
    48     1    0.94429806  259.27846419
    48     2    0.94430337  260.22276756
    48     3    0.94431193  261.16707949
    48     4    0.94431393  262.11139342
    48     5    0.94430843  263.05570185
    48     6    0.94429815  264.00000000
 
