Nx=          32 Ny=           6 t=  0.000000000000000E+000 J=
  0.000000000000000E+000 N_up=         184 N_down=           0 M1=        3600 
 M2=       14000
     1     1    0.79108250    0.79108250
     1     2    0.79108495    1.58216745
     1     3    0.79108297    2.37325042
     1     4    0.79107589    3.16432631
     1     5    0.79107588    3.95540219
     1     6    0.79107790    4.74648009
     2     1    0.94410510    5.69058519
     2     2    0.94410734    6.63469253
     2     3    0.94410515    7.57879768
     2     4    0.94410268    8.52290036
     2     5    0.94410391    9.46700427
     2     6    0.94410322   10.41110748
     3     1    0.95322980   11.36433728
     3     2    0.95322630   12.31756358
     3     3    0.95322309   13.27078667
     3     4    0.95322119   14.22400786
     3     5    0.95322871   15.17723657
     3     6    0.95323034   16.13046691
     4     1    0.98405085   17.11451777
     4     2    0.98405906   18.09857682
     4     3    0.98406116   19.08263799
     4     4    0.98405878   20.06669677
     4     5    0.98405716   21.05075392
     4     6    0.98404864   22.03480257
     5     1    0.98191971   23.01672228
     5     2    0.98193347   23.99865575
     5     3    0.98193765   24.98059340
     5     4    0.98193636   25.96252976
     5     5    0.98193469   26.94446445
     5     6    0.98192531   27.92638976
     6     1    0.98299921   28.90938898
     6     2    0.98302175   29.89241072
     6     3    0.98301570   30.87542642
     6     4    0.98300186   31.85842828
     6     5    0.98299253   32.84142082
     6     6    0.98298762   33.82440844
     7     1    0.97690266   34.80131109
     7     2    0.97693656   35.77824765
     7     3    0.97692788   36.75517553
     7     4    0.97691637   37.73209189
     7     5    0.97691298   38.70900487
     7     6    0.97690220   39.68590707
     8     1    0.97108869   40.65699576
     8     2    0.97112571   41.62812147
     8     3    0.97111140   42.59923288
     8     4    0.97109576   43.57032864
     8     5    0.97108191   44.54141055
     8     6    0.97107270   45.51248325
     9     1    0.96547356   46.47795681
     9     2    0.96551107   47.44346788
     9     3    0.96549237   48.40896024
     9     4    0.96548213   49.37444237
     9     5    0.96547079   50.33991316
     9     6    0.96545742   51.30537058
    10     1    0.96194163   52.26731221
    10     2    0.96196425   53.22927646
    10     3    0.96195253   54.19122899
    10     4    0.96195404   55.15318303
    10     5    0.96195040   56.11513343
    10     6    0.96193674   57.07707017
    11     1    0.96099327   58.03806344
    11     2    0.96100788   58.99907131
    11     3    0.96100708   59.96007839
    11     4    0.96101193   60.92109033
    11     5    0.96101496   61.88210528
    11     6    0.96099829   62.84310357
    12     1    0.96316099   63.80626456
    12     2    0.96316943   64.76943399
    12     3    0.96316340   65.73259740
    12     4    0.96316562   66.69576302
    12     5    0.96318240   67.65894541
    12     6    0.96316954   68.62211495
    13     1    0.96722945   69.58934440
    13     2    0.96723970   70.55658409
    13     3    0.96722665   71.52381075
    13     4    0.96722756   72.49103830
    13     5    0.96725357   73.45829188
    13     6    0.96723623   74.42552811
    14     1    0.97256163   75.39808974
    14     2    0.97258393   76.37067367
    14     3    0.97256847   77.34324214
    14     4    0.97256567   78.31580781
    14     5    0.97257719   79.28838500
    14     6    0.97255330   80.26093830
    15     1    0.97710238   81.23804068
    15     2    0.97712869   82.21516937
    15     3    0.97711766   83.19228703
    15     4    0.97711391   84.16940094
    15     5    0.97710849   85.14650943
    15     6    0.97708237   86.12359180
    16     1    0.97989983   87.10349164
    16     2    0.97992873   88.08342037
    16     3    0.97993508   89.06335545
    16     4    0.97993448   90.04328993
    16     5    0.97991772   91.02320765
    16     6    0.97988800   92.00309565
    17     1    0.97994254   92.98303819
    17     2    0.97997255   93.96301074
    17     3    0.97998934   94.94300009
    17     4    0.97998738   95.92298746
    17     5    0.97997648   96.90296394
    17     6    0.97994685   97.88291080
    18     1    0.97722912   98.86013992
    18     2    0.97725456   99.83739448
    18     3    0.97726330  100.81465778
    18     4    0.97726502  101.79192281
    18     5    0.97727376  102.76919656
    18     6    0.97724682  103.74644338
    19     1    0.97273345  104.71917683
    19     2    0.97275676  105.69193358
    19     3    0.97274780  106.66468139
    19     4    0.97275216  107.63743355
    19     5    0.97277110  108.61020465
    19     6    0.97274485  109.58294950
    20     1    0.96739001  110.55033950
    20     2    0.96740748  111.51774698
    20     3    0.96737828  112.48512526
    20     4    0.96738000  113.45250526
    20     5    0.96739798  114.41990324
    20     6    0.96738273  115.38728598
    21     1    0.96323880  116.35052478
    21     2    0.96324880  117.31377358
    21     3    0.96322517  118.27699875
    21     4    0.96322486  119.24022361
    21     5    0.96323347  120.20345708
    21     6    0.96322527  121.16668235
    22     1    0.96094014  122.12762249
    22     2    0.96095332  123.08857581
    22     3    0.96094813  124.04952394
    22     4    0.96094382  125.01046776
    22     5    0.96094221  125.97140997
    22     6    0.96093054  126.93234051
    23     1    0.96175725  127.89409776
    23     2    0.96177248  128.85587024
    23     3    0.96177971  129.81764995
    23     4    0.96177480  130.77942475
    23     5    0.96178018  131.74120493
    23     6    0.96175932  132.70296424
    24     1    0.96518864  133.66815289
    24     2    0.96520520  134.63335808
    24     3    0.96522011  135.59857820
    24     4    0.96522671  136.56380490
    24     5    0.96524323  137.52904814
    24     6    0.96520562  138.49425376
    25     1    0.97077188  139.46502563
    25     2    0.97078334  140.43580898
    25     3    0.97079957  141.40660854
    25     4    0.97081555  142.37742409
    25     5    0.97083192  143.34825601
    25     6    0.97079171  144.31904772
    26     1    0.97662956  145.29567728
    26     2    0.97664076  146.27231804
    26     3    0.97664437  147.24896241
    26     4    0.97665788  148.22562028
    26     5    0.97666851  149.20228879
    26     6    0.97663122  150.17892001
    27     1    0.98276855  151.16168856
    27     2    0.98277205  152.14446061
    27     3    0.98277973  153.12724034
    27     4    0.98279508  154.11003542
    27     5    0.98280232  155.09283773
    27     6    0.98277905  156.07561679
    28     1    0.98179102  157.05740780
    28     2    0.98179918  158.03920698
    28     3    0.98180021  159.02100719
    28     4    0.98180152  160.00280872
    28     5    0.98179760  160.98460632
    28     6    0.98178446  161.96639078
    29     1    0.98396557  162.95035635
    29     2    0.98397404  163.93433039
    29     3    0.98397587  164.91830626
    29     4    0.98397774  165.90228400
    29     5    0.98397514  166.88625914
    29     6    0.98396737  167.87022651
    30     1    0.95319345  168.82341996
    30     2    0.95319188  169.77661184
    30     3    0.95318438  170.72979622
    30     4    0.95318596  171.68298218
    30     5    0.95318903  172.63617121
    30     6    0.95319266  173.58936388
    31     1    0.94408049  174.53344437
    31     2    0.94408128  175.47752565
    31     3    0.94408007  176.42160572
    31     4    0.94408261  177.36568833
    31     5    0.94408487  178.30977320
    31     6    0.94408247  179.25385567
    32     1    0.79102187  180.04487754
    32     2    0.79101974  180.83589728
    32     3    0.79101986  181.62691714
    32     4    0.79102707  182.41794421
    32     5    0.79102909  183.20897330
    32     6    0.79102670  184.00000000
 
