   27   33    0    1      0.013910565719      0.001482334023      0.001501413181
   27   39    0    2      0.001447516669      0.000851445901      0.000854434713
   27   45    0    3      0.000727013552      0.000705257229      0.000667563041
   27   51    0    4      0.000605208507      0.000551942299      0.000558572625
   27   57    0    5      0.000470316137      0.000461314589      0.000470850571
   27   63    0    6      0.000400374819      0.000386115408      0.000389186429
   27   69    0    7      0.000358478272      0.000341146541      0.000341842602
   27   75    0    8      0.000286602945      0.000297330571      0.000298170742
   27   81    0    9      0.000265604507      0.000254776261      0.000255398176
   27   87    0   10      0.000228650759      0.000228196340      0.000228524010
   27   93    0   11      0.000189648736      0.000195140267      0.000195236243
   27   99    0   12      0.000179427206      0.000168963758      0.000169185486
   27  105    0   13      0.000146892618      0.000151179386      0.000151515885
   27  111    0   14      0.000129286508      0.000131097229      0.000130746465
   27  117    0   15      0.000113642586      0.000114959549      0.000115267907
   27  123    0   16      0.000085492568      0.000085911124      0.000091380517
   27  129    0   17      0.000070670616      0.000064462568      0.000069444150
   27  135    0   18      0.000054672587      0.000050939765      0.000050372020
   27  141    0   19      0.000044076701      0.000034944302      0.000041494416
   27  147    0   20      0.000029243898      0.000018627782      0.000030542744
   27  153    0   21      0.000019494460      0.000015029092      0.000019722999
   27  159    0   22      0.000016489642      0.000016552537      0.000016281159
   27  165    0   23      0.000013498348      0.000013906042      0.000013529795
   27  171    0   24      0.000010673646      0.000010638483      0.000010598137
